30
    0.0132789    0.0172759      2396.42     -1681.90
    0.0172759    0.0219631      764.208     -367.437
    0.0219631    0.0276654      919.399     -335.385
    0.0276654    0.0346923      1000.00     -248.529
    0.0346923    0.0437688      764.208     -189.928
    0.0437688    0.0552199      859.621     -191.558
    0.0552199    0.0696668      764.208     -149.992
    0.0696668    0.0872277      859.621     -132.990
    0.0872277     0.109383      668.063      0.00000
     0.109383     0.138001      656.929      0.00000
     0.138001     0.174105      679.386      0.00000
     0.174105     0.219656      584.015      0.00000
     0.219656     0.277123      527.993      0.00000
     0.277123     0.349626      485.435      0.00000
     0.349626     0.441098      431.555      0.00000
     0.441098     0.552286      352.732      0.00000
     0.552286     0.692563      303.216      0.00000
     0.692563     0.867138      265.068      0.00000
     0.867138      1.10420      216.654      0.00000
      1.10420      1.38869      177.082      0.00000
      1.38869      1.74408      142.326      0.00000
      1.74408      2.19691      106.954      0.00000
      2.19691      2.75491      83.1205      0.00000
      2.75491      3.47566      65.6929     -9.22195
      3.47566      4.35177      52.7992     -6.64267
      4.35177      5.49900      37.7261     -4.74633
      5.49900      6.97959      27.8776     -4.31286
      6.97959      8.87325      19.9191     -2.79625
      8.87325      11.1770      14.9686     -2.31575
      11.1770      13.6121      12.4420     -2.10015
