12
     8.44020      8.69020   0.00156936   0.00101378
      8.69020      8.94020   0.00144440  0.000933058
      8.94020      9.19020   0.00124798  0.000806175
      9.19020      9.44020   0.00158081   0.00102118
      9.44020      9.69020   0.00188860  0.000973842
      9.69020      9.94020   0.00249538   0.00130220
      9.94020      10.1902   0.00319327   0.00134099
      10.1902      10.4402   0.00311536   0.00123723
      10.4402      10.6902   0.00232764   0.00106174
      10.6902      10.9402   0.00108983  0.000569931
      10.9402      11.1902  0.000390077  0.000248593
      11.1902      11.4402  6.42559e-05  5.54266e-05
        
Muzzin2013 + Ilbert2013 + Tomczak2013

