    7.06520      7.31520     0.216271    0.0755382
      7.31520      7.56520     0.204020    0.0712595
      7.56520      7.81520     0.151049    0.0527579
      7.81520      8.06520     0.112048    0.0391356
      8.06520      8.31520    0.0762307    0.0266256
      8.31520      8.56520    0.0560568    0.0135117
      8.56520      8.81520    0.0423269    0.0102622
      8.81520      9.06520    0.0331105   0.00837041
      9.06520      9.31520    0.0256968   0.00525948
      9.31520      9.56520    0.0214038   0.00473875
      9.56520      9.81520    0.0195365   0.00418913
      9.81520      10.0652    0.0186109   0.00360372
      10.0652      10.3152    0.0152146   0.00202494
      10.3152      10.5652    0.0107248   0.00209060
      10.5652      10.8152   0.00517901  0.000978219
      10.8152      11.0652   0.00142977  0.000428163
      11.0652      11.3152  0.000139376  0.000104390


