14
-17.1774  2.50000e+06      175000.
     -17.6774  2.25625e+06      146875.
     -18.1774  1.47812e+06      90625.0
     -18.6774  1.07500e+06      62500.0
     -19.1774      837500.      46875.0
     -19.6774      696875.      40625.0
     -20.1774      626875.      35312.5
     -20.6774      558438.      30625.0
     -21.1774      458125.      25312.5
     -21.6774      346562.      19062.5
     -22.1774      194062.      10937.5
     -22.6774      64781.2      4062.50
     -23.1774      14656.2      1250.00
     -23.6774      1742.50      320.312

-14.6774  1.03438e+07  1.50000e+06
     -15.1774  7.06875e+06      731250.
     -15.6774  5.28125e+06      450000.
     -16.1774  4.65938e+06      350000.
     -16.6774  3.18125e+06      237500.
     -17.1774  2.50000e+06      175000.
     -17.6774  2.25625e+06      146875.
     -18.1774  1.47812e+06      90625.0
     -18.6774  1.07500e+06      62500.0
     -19.1774      837500.      46875.0
     -19.6774      696875.      40625.0
     -20.1774      626875.      35312.5
     -20.6774      558438.      30625.0
     -21.1774      458125.      25312.5
     -21.6774      346562.      19062.5
     -22.1774      194062.      10937.5
     -22.6774      64781.2      4062.50
     -23.1774      14656.2      1250.00
     -23.6774      1742.50      320.312

 
 blanton 2005 -> zband