	   1
           2
           6
           9
          12
          14
          16
          17
          20
          22
          36
          40
          41
          48
          53
          57
          58
          60
          65
          74
          81
          83
          89
          94
          95
         104
         105
         106
         110
         111
         113
         116
         118
         125
         134
         139
         141
         146
         152
         163
         170
         175
         177
         186
         189
         200
         206
         208
         211
         219
         223
         224
         230
         232
         235
         237
         238
         241
         246
         248
         256
         257
         260
         269
         290
         291
         298
         302
         308
         323
         326
         331
         341
         349
         350
         353
         362
         374
         376
         383
         388
         391
         405
         414
         415
         417
         422
         425
         426
         428
         429
         436
         437
         440
         444
         448
         454
         472
         475
         482
         484
         488
         490
         493
         494
         498
         500
         503
         505
         506
         509
