 0      127.000
       1      79.9979
       2      49.9996
       3      30.0001
       4      19.9157
       5      18.2437
       6      16.7245
       7      15.3431
       8      14.0859
       9      12.9408
      10      11.8966
      11      10.9439
      12      10.0735
      13      9.27792
      14      8.54991
      15      7.88320
      16      7.27219
      17      6.71159
      18      6.19683
      19      5.72386
      20      5.28883
      21      4.88845
      22      4.51956
      23      4.17947
      24      3.86568
      25      3.57590
      26      3.30810
      27      3.06042
      28      2.83118
      29      2.61886
      30      2.42204
      31      2.23949
      32      2.07003
      33      1.91263
      34      1.76634
      35      1.63027
      36      1.50364
      37      1.38572
      38      1.27585
      39      1.17342
      40      1.07787
      41     0.988708
      42     0.905463
      43     0.827699
      44     0.755036
      45     0.687109
      46     0.623590
      47     0.564177
      48     0.508591
      49     0.456577
      50     0.407899
      51     0.362340
      52     0.319703
      53     0.279802
      54     0.242469
      55     0.207549
      56     0.174898
      57     0.144383
      58     0.115883
      59    0.0892879
      60    0.0644934
      61    0.0414031
      62    0.0199325
      63      0.00000
