   0.00781250
    0.0123457
    0.0243902
    0.0310048
    0.0338844
    0.0369909
    0.0403380
    0.0439397
    0.0478106
    0.0519654
    0.0564194
    0.0611881
    0.0662870
    0.0717322
    0.0775396
    0.0837254
    0.0903055
    0.0972961
     0.104713
     0.112572
     0.120887
     0.129675
     0.138950
     0.148724
     0.159012
     0.169824
     0.181174
     0.193070
     0.205521
     0.218536
     0.232121
     0.246280
     0.261016
     0.276330
     0.292223
     0.308691
     0.325730
     0.343332
     0.361489
     0.380189
     0.399419
     0.419161
     0.439397
     0.460105
     0.481261
     0.502839
     0.524807
     0.547136
     0.569789
     0.592730
     0.615919
     0.639314
     0.662870
     0.686541
     0.710278
     0.734031
     0.757746
     0.781371
     0.804849
     0.828124
     0.851138
     0.873833
     0.896151
     0.918031
     0.939414
     0.960243
     0.980457
      1.00000
