   0.00824856 
   0.0130348   
   0.0257516  
   0.0327355   
   0.0357758   
   0.0390558  
   0.0425898   
   0.0463926  
   0.0504874 
   0.0548713 
   0.0595781 
   0.0646125 
   0.0699913 
   0.0757458 
   0.0818863 
   0.0884166 
   0.0953551 
   0.102748  
   0.110573  
   0.118880  
   0.127666  
   0.136950  
   0.146751  
   0.157082  
   0.167960 
   0.179391 
   0.191400 
   0.203992 
   0.217179 
   0.230968 
   0.245371 
   0.260399 
   0.276056 
   0.292346 
   0.309271 
   0.326836 
   0.345040 
   0.363887 
   0.383370 
   0.403487 
   0.424233 
   0.445598 
   0.467579 
   0.490158 
   0.513329 
   0.537071 
   0.561368 
   0.586202 
   0.611549 
   0.637384 
   0.663678 
   0.690401 
   0.717517 
   0.744989 
   0.772774 
   0.800827 
   0.829097 
   0.857533 
   0.886075 
   0.914661 
   0.943225 
   0.971696 
   1.00000  
   1.02806  
   1.05578  
   1.08309  
   1.10989  
   1.13608  
   
   
  
    
     
     
     
   
   
   
   