  0.0174160    
    0.0199038  
    0.0218556  
    0.0359556  
    0.0532913  
    0.0579215  
    0.0628860  
    0.0682017  
    0.0738851  
    0.0799543  
    0.0864280  
    0.0933220  
     0.100657  
     0.108449  
     0.116716  
     0.125476  
     0.134744  
     0.144539  
     0.154877  
     0.165772  
     0.177240  
     0.189292  
     0.201942  
     0.215202  
     0.229081  
     0.243589  
     0.258730  
     0.274514  
     0.290944  
     0.308010  
     0.325728  
     0.344090  
     0.363077  
     0.382710  
     0.402945  
     0.423793  
     0.445246  
     0.467239  
     0.489844  
     0.512891  
     0.536530  
     0.560546  
     0.585107  
     0.609951  
     0.635314  
     0.660813  
     0.686776  
     0.712804  
     0.739125  
     0.765573  
     0.792002  
     0.818700  
     0.845032  
     0.871423  
     0.897843  
     0.923650  
     0.949383  
     0.975028  
     0.999736  
      1.02414  
      1.04822  
      1.07162  
      1.09403  
      1.11585  





