29
    0.0328501    0.0436329      3327.55      0.00000
    0.0436329    0.0551650      3036.00      0.00000
    0.0551650    0.0699487      2451.21      0.00000
    0.0699487    0.0884361      1751.31      0.00000
    0.0884361     0.110591      1457.86      0.00000
     0.110591     0.138295      1290.09      0.00000
     0.138295     0.172940      1041.60      0.00000
     0.172940     0.219287      893.979      0.00000
     0.219287     0.277244      744.186      0.00000
     0.277244     0.346698      565.213      0.00000
     0.346698     0.439611      456.344      0.00000
     0.439611     0.555799      391.670      0.00000
     0.555799     0.695035      297.476      0.00000
     0.695035     0.869152      240.177      0.00000
     0.869152      1.10208      193.915      0.00000
      1.10208      1.39336      161.423      0.00000
      1.39336      1.74241      130.330      0.00000
      1.74241      2.17891      105.226      0.00000
      2.17891      2.72477      90.3134      0.00000
      2.72477      3.45498      75.1807      0.00000
      3.45498      4.36812      64.5260      0.00000
      4.36812      5.46241      53.7141      0.00000
      5.46241      6.92629      46.1017      0.00000
      6.92629      8.75690      37.2217      0.00000
      8.75690      10.9506      30.0522      0.00000
      10.9506      13.8853      24.2636      0.00000
      13.8853      17.3159      18.4284      0.00000
      17.3159      21.7137      13.9964      0.00000
      21.7137      27.0797      10.6304      0.00000
