9
     8.94020      9.19020    0.0304564    0.0190173
      9.19020      9.44020    0.0555014    0.0337603
      9.44020      9.69020     0.115423    0.0657547
      9.69020      9.94020     0.224003     0.111169
      9.94020      10.1902     0.272901     0.128215
      10.1902      10.4402     0.267389     0.151138
      10.4402      10.6902     0.314906     0.201316
      10.6902      10.9402     0.406142     0.234631
      10.9402      11.1902     0.481301     0.333481

red fraction Muzzin2013 + Ilbert2013 + Tomczak2013
