 13
      7.69020      7.94020    0.0694464    0.0173616
      7.94020      8.19020    0.0377717   0.00649082
      8.19020      8.44020    0.0417927   0.00718179
      8.44020      8.69020    0.0354641   0.00609427
      8.69020      8.94020    0.0305657   0.00525250
      8.94020      9.19020    0.0218286   0.00347249
      9.19020      9.44020    0.0161984   0.00239456
      9.44020      9.69020    0.0121481  0.000995041
      9.69020      9.94020   0.00881749   0.00104646
      9.94020      10.1902   0.00638750   0.00127803
      10.1902      10.4402   0.00399942   0.00115832
      10.4402      10.6902   0.00173294  0.000597054
      10.6902      10.9402  0.000327812  0.000111386
        
      Balrdy 2004 + Bell 2003
        baldry selection: u-r lt (2.06-0.244*tanh((Mag_r+20.07)/1.09))
        
    