7.1902 0.216271 0.0755382 0.32036
7.4402 0.20402 0.0712595 0.260844
7.6902 0.151049 0.0527579 0.186889
7.9402 0.112048 0.0391356 0.113477
8.1902 0.0762307 0.0266256 0.0726455
8.4402 0.0560568 0.0135117 0.0519201
8.6902 0.0423269 0.0102622 0.030395
8.9402 0.0331105 0.00837041 0.0281768
9.1902 0.0256968 0.00525948 0.0195184
9.4402 0.0214038 0.00473875 0.00996128
9.6902 0.0195365 0.00418913 0.0106711
9.9402 0.0186109 0.00360372 0.0112817
10.1902 0.0152146 0.00202494 0.0132201
10.4402 0.0107248 0.0020906 0.00918209
10.6902 0.00517901 0.000978219 0.00399898
10.9402 0.00142977 0.000428163 0.00138736
11.1902 0.000139376 0.00010439 0.000263393
