 13
      -16.7255     -16.2255    0.0375840    0.0161152
     -17.2255     -16.7255    0.0314691    0.0131960
     -17.7255     -17.2255    0.0261520    0.0107632
     -18.2255     -17.7255    0.0210138   0.00864851
     -18.7255     -18.2255    0.0170990   0.00722592
     -19.2255     -18.7255    0.0132390   0.00547726
     -19.7255     -19.2255    0.0104204   0.00430700
     -20.2255     -19.7255   0.00841347   0.00355741
     -20.7255     -20.2255   0.00632050   0.00278292
     -21.2255     -20.7255   0.00345574   0.00169900
     -21.7255     -21.2255  0.000982339  0.000482961
     -22.2255     -21.7255  0.000228599  0.000112389
     -22.7255     -22.2255  5.00571e-05  3.46665e-05
    
removed brightest bin of Giallongo2005

 BBand at z=1 from willmer2006+Ilbert2005+Giallongo2005+Zucca2009 
 
  This test uses bj for z=0 and B for all toher redshifts