 26
    0.0165686    0.0218504      1553.72     -1337.83
    0.0218504    0.0273914      207.998     -95.4823
    0.0273914    0.0344558      480.773     -195.326
    0.0344558    0.0435585      623.947     -217.350
    0.0435585    0.0546983      399.097     -124.084
    0.0546983    0.0692720      489.809     -132.897
    0.0692720    0.0875729      422.023     -84.5019
    0.0875729     0.109969      406.597     -69.0753
     0.109969     0.138093      414.238     -70.3735
     0.138093     0.173410      414.238     -63.9109
     0.173410     0.219612      331.296     -51.1143
     0.219612     0.277631      301.845     -51.2794
     0.277631     0.348634      269.939     -41.6477
     0.348634     0.437795      260.072     -35.9919
     0.437795     0.549758      211.907     -32.6942
     0.549758     0.690356      200.395     -34.0442
     0.690356     0.874293      154.411     -23.8234
     0.874293      1.10527      133.042     -18.4118
      1.10527      1.38794      100.623     -13.9253
      1.38794      1.74289      80.4748     -13.6716
      1.74289      2.20727      59.7421     -10.1494
      2.20727      2.79040      44.3507     -8.21371
      2.79040      3.50403      33.5433     -6.21222
      3.50403      4.40016      24.4422     -4.89407
      4.40016      5.52548      15.6340     -3.36105
      5.52548      6.77838      13.7235     -2.95034
