32
    0.0133158    0.0173806      3491.38      0.00000
    0.0173806    0.0219834      2207.90      0.00000
    0.0219834    0.0278053      2661.10      0.00000
    0.0278053    0.0348994      1654.52      0.00000
    0.0348994    0.0438721      1626.68      0.00000
    0.0438721    0.0550654      1198.46      0.00000
    0.0550654    0.0692230      1178.29      0.00000
    0.0692230    0.0868843      1011.38      0.00000
    0.0868843     0.109223      853.501      0.00000
     0.109223     0.138148      784.058      0.00000
     0.138148     0.174734      639.583      0.00000
     0.174734     0.219314      539.743      0.00000
     0.219314     0.275701      463.285      0.00000
     0.275701     0.348714      397.657      0.00000
     0.348714     0.437683      341.326      0.00000
     0.437683     0.550214      292.975      0.00000
     0.550214     0.695927      251.473      0.00000
     0.695927     0.866828      212.217      0.00000
     0.866828      1.09140      176.076      0.00000
      1.09140      1.38886      141.214      0.00000
      1.38886      1.74320      115.193      0.00000
      1.74320      2.19139      93.9665      0.00000
      2.19139      2.75048      77.9636      0.00000
      2.75048      3.45765      64.6861      0.00000
      3.45765      4.37333      53.6698      0.00000
      4.37333      5.48912      46.0671      0.00000
      5.48912      6.90040      38.2217      0.00000
      6.90040      8.72783      31.7124      0.00000
      8.72783      11.0392      26.7620      0.00000
      11.0392      13.9627      21.8306      0.00000
      13.9627      17.5251      16.9239      0.00000
      17.5251      21.3845      12.6822      0.00000
