10
   -19.7255     -19.2255   0.00741717   0.00213889
     -20.2255     -19.7255   0.00653388   0.00264059
     -20.7255     -20.2255   0.00582622   0.00237995
     -21.2255     -20.7255   0.00491184   0.00198315
     -21.7255     -21.2255   0.00399122   0.00176858
     -22.2255     -21.7255   0.00281626   0.00133914
     -22.7255     -22.2255   0.00172053  0.000957870
     -23.2255     -22.7255  0.000885228  0.000586502
     -23.7255     -23.2255  0.000339997  0.000285349
     -24.2255     -23.7255  9.18222e-05  8.68860e-05
  
11 
     -19.7255     -19.2255   0.00741717   0.00213889
     -20.2255     -19.7255   0.00653388   0.00264059
     -20.7255     -20.2255   0.00582622   0.00237995
     -21.2255     -20.7255   0.00491184   0.00198315
     -21.7255     -21.2255   0.00399122   0.00176858
     -22.2255     -21.7255   0.00281626   0.00133914
     -22.7255     -22.2255   0.00172053  0.000957870
     -23.2255     -22.7255  0.000885228  0.000586502
     -23.7255     -23.2255  0.000339997  0.000285349
     -24.2255     -23.7255  9.18222e-05  8.68860e-05
     -24.7255     -24.2255  1.23809e-05  1.18520e-05
    

     
MK(AB)-5logh and phi(Mpc-3h-3mag-1)/bin
bin / number counts / error
K-Band z=1.0 - Drory 2003 + Cirasuolo 2010 + Pozzetti2003 + Caputti2006


