13
     7.94020      8.19020     0.168768    0.0835160
      8.19020      8.44020     0.154380    0.0614556
      8.44020      8.69020     0.140523    0.0340594
      8.69020      8.94020     0.139089    0.0254264
      8.94020      9.19020     0.174684    0.0324164
      9.19020      9.44020     0.220116    0.0400541
      9.44020      9.69020     0.279306    0.0508669
      9.69020      9.94020     0.373900    0.0513305
      9.94020      10.1902     0.469498    0.0810574
      10.1902      10.4402     0.611303     0.122599
      10.4402      10.6902     0.666404     0.159407
      10.6902      10.9402     0.827965     0.133532
      10.9402      11.1902     0.858159     0.139962
  
red fraction Muzzin2013 + Ilbert2013