5
-0.797483    -0.297483    0.0463687    0.0206648
-0.297483     0.202517    0.0153541  0.008
 0.202517     0.702517   0.00824565  0.004
 0.702517      1.20252   0.00143293  0.0007
 1.20252      1.70252  3.35912e-05  1.04133e-05




6
-0.797483    -0.297483    0.0463687    0.0106648
-0.297483     0.202517    0.0153541  0.000767706
 0.202517     0.702517   0.00824565  0.000329826
 0.702517      1.20252   0.00143293  7.16465e-05
 1.20252      1.70252  3.35912e-05  1.04133e-05
 1.70252      2.20252  1.68355e-05  7.23925e-06

gruppioni 2015
