13
     7.94020      8.19020    0.0108715   0.00633552
      8.19020      8.44020   0.00786943   0.00353117
      8.44020      8.69020   0.00519474   0.00126329
      8.69020      8.94020   0.00386887  0.000605653
      8.94020      9.19020   0.00379079  0.000642306
      9.19020      9.44020   0.00397890  0.000684437
      9.44020      9.69020   0.00416421  0.000895534
      9.69020      9.94020   0.00492671  0.000805060
      9.94020      10.1902   0.00563349   0.00120210
      10.1902      10.4402   0.00521040   0.00180118
      10.4402      10.6902   0.00348074   0.00158411
      10.6902      10.9402   0.00164309  0.000835359
      10.9402      11.1902  0.000546981  0.000351908
  
Muzzin 2013  + Ilbert2013


    