13
     7.94020      8.19020    0.0100551   0.00479793
      8.19020      8.44020   0.00683746   0.00213692
      8.44020      8.69020   0.00775105   0.00203050
      8.69020      8.94020   0.00845574   0.00221510
      8.94020      9.19020   0.00962993   0.00252270
      9.19020      9.44020    0.0101291   0.00258250
      9.44020      9.69020    0.0106073   0.00287720
      9.69020      9.94020    0.0106085   0.00280659
      9.94020      10.1902   0.00996377   0.00249838
      10.1902      10.4402   0.00881656   0.00271848
      10.4402      10.6902   0.00535028   0.00135131
      10.6902      10.9402   0.00211253  0.000533557
      10.9402      11.1902  0.000442090  0.000111658
      
      bell 2003 + baldry 2004
       baldry selection: u-r gt (2.06-0.244*tanh((Mag_r+20.07)/1.09))
