 9
      8.94020      9.19020  0.000298723  0.000159263
      9.19020      9.44020  0.000430529  0.000229534
      9.44020      9.69020  0.000646101  0.000344465
      9.69020      9.94020   0.00102405  0.000545969
      9.94020      10.1902   0.00104214  0.000597340
      10.1902      10.4402  0.000650468  0.000391070
      10.4402      10.6902  0.000410926  0.000284140
      10.6902      10.9402  0.000172442  0.000135543
      10.9402      11.1902  3.70461e-05  3.49457e-05
  
Muzzin2013 + Ilbert2013 + Tomczak2013
