        1394
              88000028          88           0       3983.0000
              88000220          88           0       7040.1532
              88000156          88           0       7236.6589
         3001252000028        1252           3       60742.229
         7000207000100         207           7       7236.6589
         7000207000028         207           7       23938.500
         9000813000028         813           9       20466.520
        10000721000028         721          10       42410.800
        11000080002700          80          11       20466.520
        11000080002695          80          11       20466.520
        11000080002682          80          11       7040.1532
        11000080002681          80          11       7040.1532
        11000080002678          80          11       7236.6589
        11000080002666          80          11       7040.1532
        11000080002665          80          11       7040.1532
        11000080002650          80          11       7040.1532
        11000080000028          80          11       11.000000
        12000052000028          52          12       109.40000
        12000052018435          52          12       7040.1532
        12000052004154          52          12       7040.1532
        12000052005176          52          12       7040.1532
        12000052006113          52          12       7040.1532
        12000052002337          52          12       7040.1532
        12000052002667          52          12       7040.1532
        12000052002682          52          12       7040.1532
        12000052003579          52          12       7040.1532
        12000052003587          52          12       7040.1532
        12000052003599          52          12       7040.1532
        12000052003611          52          12       7040.1532
        12000052001963          52          12       7040.1532
        12000052001966          52          12       7040.1532
        12000052001985          52          12       7040.1532
        12000052004793          52          12       7040.1532
        12000052005076          52          12       7040.1532
        12000052005150          52          12       7236.6589
        12000052006507          52          12       7236.6589
        12000052001988          52          12       7236.6589
        12000052002332          52          12       7236.6589
        12000052006129          52          12       7236.6589
        12000052006799          52          12       7236.6589
        12000052005087          52          12       7236.6589
        12000052005137          52          12       7236.6589
        12000052004193          52          12       20466.520
        12000052004221          52          12       20466.520
        12000052002344          52          12       20466.520
        12000052003623          52          12       20466.520
        12000052018496          52          12       60742.229
        12000052004232          52          12       62953.700
        13000060000028          60          13       10158.286
        18003474000075        3474          18       7040.1532
        18003474000028        3474          18       60742.229
        20006696000028        6696          20       23938.500
        20007503000028        7503          20       43513.588
        21000063002198          63          21       7236.6589
        21000063002216          63          21       7236.6589
        21000063002233          63          21       7236.6589
        21000063002245          63          21       7040.1532
        21000063002237          63          21       7040.1532
        21000063002218          63          21       7040.1532
        21000063002213          63          21       7040.1532
        21000063002203          63          21       7040.1532
        21000063000028          63          21       43.000000
        23003330000028        3330          23       1.3333333
        23003330008723        3330          23       7040.1532
        23003330007835        3330          23       7040.1532
        23003330029330        3330          23       7040.1532
        23003330004474        3330          23       7040.1532
        23003330004947        3330          23       7040.1532
        23003330004983        3330          23       7040.1532
        23003330008737        3330          23       7040.1532
        23003330009222        3330          23       7040.1532
        23003330010075        3330          23       7040.1532
        23003330027234        3330          23       7040.1532
        23003330027261        3330          23       7040.1532
        23003330037115        3330          23       7040.1532
        23003330040900        3330          23       7040.1532
        23003330004446        3330          23       7040.1532
        23003330004960        3330          23       7040.1532
        23003330004969        3330          23       7040.1532
        23003330004993        3330          23       7040.1532
        23003330005333        3330          23       7040.1532
        23003330005378        3330          23       7040.1532
        23003330007346        3330          23       7040.1532
        23003330007389        3330          23       7040.1532
        23003330007398        3330          23       7040.1532
        23003330007859        3330          23       7040.1532
        23003330007913        3330          23       7040.1532
        23003330004442        3330          23       7236.6589
        23003330004414        3330          23       7236.6589
        23003330003723        3330          23       7236.6589
        23003330003720        3330          23       7236.6589
        23003330003736        3330          23       7236.6589
        23003330003733        3330          23       7236.6589
        23003330008695        3330          23       7236.6589
        23003330007866        3330          23       7236.6589
        23003330007411        3330          23       7236.6589
        23003330007849        3330          23       7236.6589
        23003330005315        3330          23       7236.6589
        23003330004974        3330          23       7236.6589
        23003330004488        3330          23       7236.6589
        23003330008766        3330          23       7236.6589
        23003330009162        3330          23       7236.6589
        23003330004428        3330          23       7040.1532
        23003330003755        3330          23       7040.1532
        23003330003737        3330          23       7040.1532
        23003330003729        3330          23       7040.1532
        23003330003766        3330          23       7040.1532
        23003330003756        3330          23       20466.520
        23003330005341        3330          23       20466.520
        23003330010114        3330          23       20466.520
        23003330007313        3330          23       7236.6589
        23003330011915        3330          23       20466.520
        23003330004548        3330          23       20466.520
        23003330004466        3330          23       20466.520
        23003330012587        3330          23       7236.6589
        23003330034544        3330          23       7236.6589
        23003330007899        3330          23       7236.6589
        23003330008759        3330          23       7236.6589
        23003330009182        3330          23       7236.6589
        23003330036075        3330          23       60742.229
        23003330003781        3330          23       60742.229
        27002713000028        2713          27       20466.520
        31000109000974         109          31       7236.6589
        31000109000740         109          31       3983.0000
        39000067000028          67          39       3547.4000
        39000067000798          67          39       7040.1532
        39000067000390          67          39       7040.1532
        39000067000490          67          39       7040.1532
        39000068000028          68          39       3983.0000
        39000068000448          68          39       7236.6589
        39000068001054          68          39       7236.6589
        39000068000793          68          39       7236.6589
        46003154000028        3154          46       43513.588
        60004544000028        4544          60       20466.520
        65000036001514          36          65       7236.6589
        65000036000704          36          65       7236.6589
        65000036000707          36          65       7236.6589
        65000036000710          36          65       7236.6589
        65000036000028          36          65       410.75000
        65000036001528          36          65       7040.1532
        65000036000659          36          65       7040.1532
        65000036000671          36          65       7040.1532
        65000036000701          36          65       7040.1532
        65000036000750          36          65       7040.1532
        65000036001872          36          65       7040.1532
        65000036002557          36          65       7040.1532
        69009433000028        9433          69       42410.800
        71000086000937          86          71       7236.6589
        71000086000455          86          71       20466.520
        71000086000501          86          71       7236.6589
        71000086000494          86          71       7040.1532
        71000086000770          86          71       7040.1532
        71000086000441          86          71       7040.1532
        71000086000028          86          71       1973.7500
        72002648000028        2648          72       20466.520
        73000064001209          64          73       20466.520
        73000064001339          64          73       7236.6589
        73000064002537          64          73       7236.6589
        73000064003331          64          73       7236.6589
        73000064003687          64          73       7236.6589
        73000064001190          64          73       7236.6589
        73000064001200          64          73       7236.6589
        73000064001329          64          73       7236.6589
        73000064001033          64          73       7236.6589
        73000064000028          64          73       109.40000
        73000064001759          64          73       7040.1532
        73000064001770          64          73       7040.1532
        73000064002137          64          73       7040.1532
        73000064001345          64          73       7040.1532
        73000064001181          64          73       7040.1532
        73000064001744          64          73       7040.1532
        73000064002785          64          73       7040.1532
        73000064003016          64          73       7040.1532
        73000064003225          64          73       7040.1532
        73000064001007          64          73       43513.588
        73002004000028        2004          73       20466.520
        73004195000028        4195          73       7236.6589
        75003792000028        3792          75       7236.6589
        78000112001091         112          78       7236.6589
        78000112001100         112          78       7236.6589
        78000112003295         112          78       7236.6589
        78000112003344         112          78       7236.6589
        78000112007102         112          78       7236.6589
        78000112000754         112          78       20466.520
        78000112001107         112          78       20466.520
        78000112002098         112          78       20466.520
        78000112000884         112          78       7236.6589
        78000112002616         112          78       7236.6589
        78000112002821         112          78       7236.6589
        78000112001095         112          78       7236.6589
        78000112000747         112          78       7236.6589
        78000112000738         112          78       7236.6589
        78000112000887         112          78       7040.1532
        78000112000901         112          78       7040.1532
        78000112000909         112          78       7040.1532
        78000112002076         112          78       7040.1532
        78000112002608         112          78       7040.1532
        78000112003734         112          78       7040.1532
        78000112003794         112          78       7040.1532
        78000112000740         112          78       7040.1532
        78000112000742         112          78       7040.1532
        78000112001136         112          78       7040.1532
        78000112000028         112          78       109.40000
        81000008000028           8          81       7040.1532
        81000250000028         250          81       42410.800
        81010989000141       10989          81       20466.520
        83000081002534          81          83       20466.520
        83000081009123          81          83       20466.520
        83000081010337          81          83       20466.520
        83000081000866          81          83       20466.520
        83000081011539          81          83       7236.6589
        83000081006078          81          83       7236.6589
        83000081016008          81          83       7236.6589
        83000081019347          81          83       7236.6589
        83000081002492          81          83       7236.6589
        83000081009065          81          83       7236.6589
        83000081006121          81          83       7236.6589
        83000081005403          81          83       7236.6589
        83000081000865          81          83       7236.6589
        83000081000876          81          83       7040.1532
        83000081000854          81          83       7040.1532
        83000081000968          81          83       7040.1532
        83000081001007          81          83       7040.1532
        83000081002504          81          83       7040.1532
        83000081002520          81          83       7040.1532
        83000081002940          81          83       7040.1532
        83000081002947          81          83       7040.1532
        83000081002967          81          83       7040.1532
        83000081005389          81          83       7040.1532
        83000081006092          81          83       7040.1532
        83000081006099          81          83       7040.1532
        83000081006111          81          83       7040.1532
        83000081009163          81          83       7040.1532
        83000081010310          81          83       7040.1532
        83000081018146          81          83       7040.1532
        83000081006143          81          83       7040.1532
        83000081007214          81          83       7040.1532
        83000081000028          81          83       109.40000
        83000081002977          81          83       7040.1532
        83000081006524          81          83       7040.1532
        83000081011642          81          83       7040.1532
        83000081002558          81          83       60742.229
        83000081000885          81          83       62953.700
        85020282000028       20282          85       43513.588
        89003706000111        3706          89       7040.1532
        89003706000028        3706          89       16540.250
        90000057000598          57          90       16540.250
        90001127052147        1127          90       7236.6589
        90001127051876        1127          90       3547.4000
        90001229000149        1229          90       7040.1532
        90001229000028        1229          90       16540.250
        99000181000028         181          99       42410.800
        99000181000083         181          99       7040.1532
       108003428027876        3428         108       7236.6589
       108003428012815        3428         108       7236.6589
       112010220000028       10220         112       20466.520
       115000120000352         120         115       20466.520
       115000120000404         120         115       7040.1532
       115000120000390         120         115       7040.1532
       115000120000772         120         115       7040.1532
       115000120000978         120         115       7040.1532
       115000120000149         120         115       3547.4000
       118000333000865         333         118       20466.520
       126003958000028        3958         126       10158.286
       127019553000028       19553         127       7040.1532
       128008178000028        8178         128       11.000000
       134007749000028        7749         134       23938.500
       158006584000028        6584         158       60742.229
       161001847000028        1847         161       20466.520
       161001847000065        1847         161       7236.6589
       162000048056836          48         162       7236.6589
       162000048056879          48         162       7040.1532
       162000048056988          48         162       7040.1532
       162000048057177          48         162       7040.1532
       162000048056909          48         162       20466.520
       162000048056920          48         162       20466.520
       162000048055914          48         162       410.75000
       168008679013255        8679         168       3983.0000
       168008679013469        8679         168       7040.1532
       170002895000028        2895         170       62953.700
       172000363002387         363         172       60742.229
       172000363001975         363         172       7040.1532
       172000363002358         363         172       7040.1532
       172000363002366         363         172       7040.1532
       172000363002376         363         172       7040.1532
       172000363003178         363         172       7040.1532
       172000363002812         363         172       7040.1532
       172000363002821         363         172       7040.1532
       172000363003125         363         172       7040.1532
       172000363003152         363         172       7040.1532
       172000363003164         363         172       7040.1532
       172000363007175         363         172       7040.1532
       172000363008407         363         172       7040.1532
       172000363004288         363         172       7040.1532
       172000363004303         363         172       7040.1532
       172000363004828         363         172       7040.1532
       172000363003751         363         172       7040.1532
       172000363005178         363         172       7040.1532
       172000363006307         363         172       7040.1532
       172000363005166         363         172       7040.1532
       172000363006289         363         172       7040.1532
       172000363008435         363         172       7236.6589
       172000363006232         363         172       7236.6589
       172000363006271         363         172       7236.6589
       172000363002834         363         172       7236.6589
       172000363004297         363         172       7236.6589
       172000363006321         363         172       7236.6589
       172000363003780         363         172       7236.6589
       172000363004866         363         172       7236.6589
       172000363001961         363         172       7236.6589
       172000363001965         363         172       7236.6589
       172000363002809         363         172       7236.6589
       172000363002370         363         172       20466.520
       172000363007892         363         172       20466.520
       172000363007127         363         172       20466.520
       172000363005198         363         172       20466.520
       172000363003207         363         172       20466.520
       172000363003168         363         172       20466.520
       172000363000028         363         172       43.000000
       172001627000028        1627         172       42410.800
       172005875000028        5875         172       7236.6589
       174000223000028         223         174       3983.0000
       178000416000028         416         178       43513.588
       179000584000028         584         179       42410.800
       182000213000028         213         182       10158.286
       182019302000028       19302         182       43513.588
       184000215000028         215         184       23938.500
       184000215000071         215         184       20466.520
       184012678000028       12678         184       10158.286
       185015305000130       15305         185       20466.520
       185015305000123       15305         185       7236.6589
       185015305000028       15305         185       3547.4000
       185015305000216       15305         185       7040.1532
       185015305000376       15305         185       7040.1532
       185015305000386       15305         185       7040.1532
       185015305000506       15305         185       7040.1532
       185015305000853       15305         185       7040.1532
       191000138000196         138         191       7040.1532
       191000138001079         138         191       7040.1532
       191000138000028         138         191       3983.0000
       191000138000194         138         191       7236.6589
       191000138000401         138         191       7040.1532
       200016382000028       16382         200       23938.500
       200016382000100       16382         200       7040.1532
       204011686005387       11686         204       7040.1532
       204011686005397       11686         204       7040.1532
       204011686005410       11686         204       7040.1532
       204011686005673       11686         204       7040.1532
       204011686005688       11686         204       7040.1532
       204011686005420       11686         204       7040.1532
       204011686005425       11686         204       7040.1532
       204011686006340       11686         204       7040.1532
       204011686006350       11686         204       7040.1532
       204011686006385       11686         204       7040.1532
       204011686006673       11686         204       7040.1532
       204011686006693       11686         204       7040.1532
       204011686006730       11686         204       7040.1532
       204011686009678       11686         204       7040.1532
       204011686009702       11686         204       7040.1532
       204011686009743       11686         204       7040.1532
       204011686009766       11686         204       7040.1532
       204011686004709       11686         204       7040.1532
       204011686004680       11686         204       7040.1532
       204011686004676       11686         204       7040.1532
       204011686004673       11686         204       7040.1532
       204011686003206       11686         204       43.000000
       204011686005435       11686         204       20466.520
       204011686006375       11686         204       20466.520
       204011686006396       11686         204       20466.520
       204011686006719       11686         204       20466.520
       204011686005738       11686         204       20466.520
       204011686006409       11686         204       20466.520
       204011686009799       11686         204       20466.520
       204011686004715       11686         204       20466.520
       204011686004691       11686         204       20466.520
       204011686004697       11686         204       20466.520
       204011686006333       11686         204       7040.1532
       204011686007595       11686         204       7040.1532
       204011686005695       11686         204       7236.6589
       204011686009754       11686         204       7236.6589
       204011686006686       11686         204       7236.6589
       204011686006709       11686         204       7236.6589
       204011686006363       11686         204       7236.6589
       204011686006662       11686         204       7236.6589
       204011686006371       11686         204       7236.6589
       204011686005428       11686         204       7236.6589
       204011686005702       11686         204       7236.6589
       204011686005705       11686         204       7236.6589
       204011686005417       11686         204       7236.6589
       204011686005379       11686         204       7236.6589
       204011686007588       11686         204       7236.6589
       204011686004692       11686         204       7236.6589
       204011686004748       11686         204       43513.588
       204011686004720       11686         204       60742.229
       204011686005765       11686         204       60742.229
       204011686006737       11686         204       62953.700
       213000143005796         143         213       7236.6589
       213000143003028         143         213       7236.6589
       213000143002297         143         213       7236.6589
       213000143006067         143         213       7236.6589
       213000143003866         143         213       7236.6589
       213000143003867         143         213       7236.6589
       213000143002109         143         213       7236.6589
       213000143002114         143         213       7040.1532
       213000143002847         143         213       7040.1532
       213000143000028         143         213       43.000000
       213000143002253         143         213       7040.1532
       213000143002378         143         213       7040.1532
       213000143002650         143         213       7040.1532
       213000143003037         143         213       7040.1532
       213000143003050         143         213       7040.1532
       213000143003068         143         213       7040.1532
       213000143003082         143         213       7040.1532
       213000143003099         143         213       7040.1532
       213000143003250         143         213       7040.1532
       213000143003839         143         213       7040.1532
       213000143003854         143         213       7040.1532
       213000143004407         143         213       7040.1532
       213000143005766         143         213       7040.1532
       213000143005800         143         213       7040.1532
       215007144000028        7144         215       23938.500
       216005324001792        5324         216       20466.520
       216005324001800        5324         216       20466.520
       216005324005471        5324         216       7040.1532
       216005324001773        5324         216       7236.6589
       216005324003164        5324         216       7236.6589
       216005324002085        5324         216       7236.6589
       216005324002091        5324         216       7236.6589
       216005324005235        5324         216       7236.6589
       216005324001400        5324         216       7236.6589
       216005324001810        5324         216       7040.1532
       216005324001963        5324         216       7040.1532
       216005324001977        5324         216       7040.1532
       216005324002064        5324         216       7040.1532
       216005324002099        5324         216       7040.1532
       216005324003056        5324         216       7040.1532
       216005324001779        5324         216       7040.1532
       216005324001402        5324         216       7040.1532
       216005324000028        5324         216       43.000000
       217003992003966        3992         217       7040.1532
       217003992003834        3992         217       10158.286
       226002001000028        2001         226       60742.229
       226023527000028       23527         226       60742.229
       226029714000028       29714         226       7236.6589
       227001014000043        1014         227       7040.1532
       227001014000028        1014         227       60742.229
       229000580000034         580         229       7236.6589
       229000580000028         580         229       20466.520
       232003545000028        3545         232       20466.520
       237000097006043          97         237       20466.520
       237000097006675          97         237       20466.520
       237000097006007          97         237       20466.520
       237000097005942          97         237       20466.520
       237000097005942          97         237       20466.520
       237000097006055          97         237       7040.1532
       237000097006316          97         237       7040.1532
       237000097006337          97         237       7040.1532
       237000097007799          97         237       7236.6589
       237000097007452          97         237       7236.6589
       237000097013177          97         237       7236.6589
       237000097006320          97         237       7236.6589
       237000097008327          97         237       7236.6589
       237000097005924          97         237       7236.6589
       237000097005897          97         237       7236.6589
       237000097005890          97         237       7236.6589
       237000097005897          97         237       7236.6589
       237000097005890          97         237       7236.6589
       237000097005924          97         237       7236.6589
       237000097007482          97         237       7040.1532
       237000097008126          97         237       7040.1532
       237000097008709          97         237       7040.1532
       237000097009103          97         237       7040.1532
       237000097010685          97         237       7040.1532
       237000097006010          97         237       7040.1532
       237000097006030          97         237       7040.1532
       237000097006040          97         237       7040.1532
       237000097006323          97         237       7040.1532
       237000097006632          97         237       7040.1532
       237000097006661          97         237       7040.1532
       237000097005923          97         237       7040.1532
       237000097005913          97         237       7040.1532
       237000097005904          97         237       7040.1532
       237000097005923          97         237       7040.1532
       237000097005913          97         237       7040.1532
       237000097005904          97         237       7040.1532
       237000097005888          97         237       7040.1532
       237000097007445          97         237       7040.1532
       237000097006627          97         237       7040.1532
       237000097005888          97         237       7040.1532
       237000097003163          97         237       11.000000
       237000097003163          97         237       11.000000
       240000032000028          32         240       410.75000
       240000032000717          32         240       7040.1532
       240000032001209          32         240       7040.1532
       240000032000721          32         240       7040.1532
       240000032001037          32         240       7236.6589
       243012881000028       12881         243       60742.229
       257000034002369          34         257       7236.6589
       257000034001999          34         257       7236.6589
       257000034002356          34         257       7236.6589
       257000034001567          34         257       7236.6589
       257000034001892          34         257       20466.520
       257000034004000          34         257       20466.520
       257000034001885          34         257       7040.1532
       257000034002464          34         257       7040.1532
       257000034002475          34         257       7040.1532
       257000034003686          34         257       7040.1532
       257000034008616          34         257       7040.1532
       257000034001571          34         257       7040.1532
       257000034001569          34         257       7040.1532
       257000034000028          34         257       43.000000
       257000119000488         119         257       43513.588
       257000398000028         398         257       23938.500
       259001305000739        1305         259       7236.6589
       259001305000733        1305         259       7236.6589
       259001305001338        1305         259       7236.6589
       259001305000142        1305         259       410.75000
       259001305001488        1305         259       7040.1532
       259001305006036        1305         259       7040.1532
       259001305000724        1305         259       7040.1532
       259001307000028        1307         259       410.75000
       259001307001255        1307         259       7040.1532
       259001307001271        1307         259       7040.1532
       259001307001702        1307         259       7040.1532
       259001307001712        1307         259       7040.1532
       259001307001723        1307         259       7040.1532
       259001307002185        1307         259       7236.6589
       259001307002418        1307         259       7236.6589
       259001307001908        1307         259       7236.6589
       259001307000904        1307         259       7236.6589
       259001307000914        1307         259       7236.6589
       259001307000918        1307         259       7236.6589
       259001307001137        1307         259       7236.6589
       259001307001050        1307         259       20466.520
       259001307001916        1307         259       20466.520
       261009708000028        9708         261       62953.700
       265009968000028        9968         265       23938.500
       268001639000028        1639         268       16540.250
       271010775000028       10775         271       16540.250
       274004441000028        4441         274       16540.250
       274004441000133        4441         274       7040.1532
       277020311000628       20311         277       7236.6589
       277020311000625       20311         277       7236.6589
       277020311000028       20311         277       1973.7500
       278000917000028         917         278       60742.229
       282006455000028        6455         282       62953.700
       282006455000063        6455         282       7040.1532
       290000054001464          54         290       7040.1532
       290000054001691          54         290       7040.1532
       290000054001895          54         290       7040.1532
       290000054000028          54         290       109.40000
       290000054000861          54         290       7040.1532
       290000054000858          54         290       7040.1532
       290000054000845          54         290       7040.1532
       290000054001184          54         290       7040.1532
       290000054000851          54         290       7236.6589
       290000054000942          54         290       20466.520
       294002858000028        2858         294       62953.700
       294006781000028        6781         294       60742.229
       300003562010471        3562         300       43513.588
       301000112001410         112         301       62953.700
       309002410000028        2410         309       43513.588
       311002120000028        2120         311       23938.500
       312000056002582          56         312       20466.520
       312000056001223          56         312       20466.520
       312000056001465          56         312       20466.520
       312000056001013          56         312       20466.520
       312000056000996          56         312       7236.6589
       312000056000995          56         312       7236.6589
       312000056001190          56         312       7236.6589
       312000056001212          56         312       7236.6589
       312000056001182          56         312       7236.6589
       312000056002084          56         312       7236.6589
       312000056001480          56         312       7236.6589
       312000056001503          56         312       7040.1532
       312000056002808          56         312       7040.1532
       312000056001001          56         312       7236.6589
       312000056000962          56         312       7236.6589
       312000056001203          56         312       7040.1532
       312000056002114          56         312       7040.1532
       312000056001036          56         312       7040.1532
       312000056000997          56         312       7040.1532
       312000056000970          56         312       7040.1532
       312000056001005          56         312       7040.1532
       312000056002795          56         312       7040.1532
       312000056002128          56         312       7040.1532
       312000056000028          56         312       43.000000
       312000056000973          56         312       43513.588
       312000056001231          56         312       60742.229
       314000099000028          99         314       1973.7500
       314000099000385          99         314       7236.6589
       314000099000989          99         314       7236.6589
       314000099000793          99         314       7236.6589
       318000641000046         641         318       7236.6589
       318000641000028         641         318       20466.520
       318000641000103         641         318       7040.1532
       319000153000565         153         319       7040.1532
       319000153000857         153         319       7040.1532
       319000153000442         153         319       20466.520
       319000153000576         153         319       20466.520
       319000153000449         153         319       7236.6589
       327019991000028       19991         327       23938.500
       330000725000028         725         330       62953.700
       338005488000028        5488         338       20466.520
       341000117005300         117         341       20466.520
       341000117005863         117         341       20466.520
       341000117006299         117         341       20466.520
       341000117011441         117         341       20466.520
       341000117007050         117         341       20466.520
       341000117008142         117         341       20466.520
       341000117005894         117         341       42410.800
       341000117008005         117         341       20466.520
       341000117008687         117         341       20466.520
       341000117004407         117         341       20466.520
       341000117004373         117         341       20466.520
       341000117004386         117         341       20466.520
       341000117008130         117         341       7040.1532
       341000117010843         117         341       7040.1532
       341000117006290         117         341       7040.1532
       341000117006322         117         341       7236.6589
       341000117006429         117         341       7236.6589
       341000117006441         117         341       7236.6589
       341000117005274         117         341       7236.6589
       341000117009602         117         341       7236.6589
       341000117007024         117         341       7236.6589
       341000117008050         117         341       7236.6589
       341000117004346         117         341       7236.6589
       341000117004347         117         341       7236.6589
       341000117004352         117         341       7236.6589
       341000117004357         117         341       7236.6589
       341000117004404         117         341       7236.6589
       341000117005284         117         341       7040.1532
       341000117005291         117         341       7040.1532
       341000117006349         117         341       7040.1532
       341000117006370         117         341       7040.1532
       341000117006386         117         341       7040.1532
       341000117006392         117         341       7040.1532
       341000117006398         117         341       7040.1532
       341000117005780         117         341       7040.1532
       341000117005797         117         341       7040.1532
       341000117005841         117         341       7040.1532
       341000117006999         117         341       7040.1532
       341000117007006         117         341       7040.1532
       341000117009233         117         341       7040.1532
       341000117009644         117         341       7040.1532
       341000117000028         117         341       1.3333333
       341000117005243         117         341       7040.1532
       341000117005248         117         341       7040.1532
       341000117005268         117         341       7040.1532
       341000117007037         117         341       7040.1532
       341000117007059         117         341       7040.1532
       341000117008015         117         341       7040.1532
       341000117008028         117         341       7040.1532
       341000117008057         117         341       7040.1532
       341000117008066         117         341       7040.1532
       341000117008096         117         341       7040.1532
       341000117008118         117         341       7040.1532
       341000117008158         117         341       7040.1532
       341000117008664         117         341       7040.1532
       341000117005788         117         341       7040.1532
       341000117005217         117         341       7040.1532
       341000117004323         117         341       7040.1532
       341000117004324         117         341       7040.1532
       341000117004333         117         341       7040.1532
       341000117004401         117         341       7040.1532
       341000117004375         117         341       7040.1532
       341000117004374         117         341       7040.1532
       341000117004363         117         341       7040.1532
       341000117006461         117         341       60742.229
       341000117004417         117         341       60742.229
       344000322000070         322         344       7040.1532
       344000322000028         322         344       42410.800
       345001327000028        1327         345       43513.588
       359000104005978         104         359       20466.520
       359000104017281         104         359       20466.520
       359000104005439         104         359       7236.6589
       359000104009115         104         359       7236.6589
       359000104008004         104         359       7040.1532
       359000104000028         104         359       109.40000
       359000104010433         104         359       1973.7500
       359000104001097         104         359       7040.1532
       359000104001103         104         359       7040.1532
       359000104001105         104         359       7040.1532
       359000104001158         104         359       7040.1532
       359000104001324         104         359       7040.1532
       359000104001617         104         359       7040.1532
       359000104001625         104         359       7040.1532
       359000198000028         198         359       16540.250
       367000142021025         142         367       7236.6589
       367000142017798         142         367       7236.6589
       367000142022362         142         367       7236.6589
       367000142018164         142         367       7040.1532
       367000142017415         142         367       7040.1532
       367000142017408         142         367       7040.1532
       367000142015815         142         367       11.000000
       367000142021040         142         367       7040.1532
       367000142017780         142         367       7040.1532
       367000142017782         142         367       7040.1532
       367000142018748         142         367       7040.1532
       367000142017423         142         367       60742.229
       378001097000028        1097         378       43513.588
       388000049004942          49         388       60742.229
       388000049004942          49         388       60742.229
       388000049004942          49         388       60742.229
       388000049004942          49         388       60742.229
       388000049005796          49         388       60742.229
       388000049005796          49         388       60742.229
       388000049005796          49         388       60742.229
       388000049005796          49         388       60742.229
       388000049010952          49         388       62953.700
       388000049010952          49         388       62953.700
       388000049010952          49         388       62953.700
       388000049010952          49         388       62953.700
       388000049009382          49         388       60742.229
       388000049009382          49         388       60742.229
       388000049009382          49         388       60742.229
       388000049009382          49         388       60742.229
       388000049038626          49         388       7040.1532
       388000049038656          49         388       7040.1532
       388000049041088          49         388       7040.1532
       388000049013780          49         388       7040.1532
       388000049013780          49         388       7040.1532
       388000049013780          49         388       7040.1532
       388000049013780          49         388       7040.1532
       388000049030171          49         388       7040.1532
       388000049030171          49         388       7040.1532
       388000049030171          49         388       7040.1532
       388000049030171          49         388       7040.1532
       388000049032839          49         388       7040.1532
       388000049032839          49         388       7040.1532
       388000049032839          49         388       7040.1532
       388000049032919          49         388       7040.1532
       388000049032919          49         388       7040.1532
       388000049032919          49         388       7040.1532
       388000049033003          49         388       7040.1532
       388000049033003          49         388       7040.1532
       388000049033003          49         388       7040.1532
       388000049009324          49         388       7040.1532
       388000049009324          49         388       7040.1532
       388000049009324          49         388       7040.1532
       388000049009324          49         388       7040.1532
       388000049011838          49         388       7040.1532
       388000049011838          49         388       7040.1532
       388000049011838          49         388       7040.1532
       388000049011838          49         388       7040.1532
       388000049013615          49         388       7040.1532
       388000049013615          49         388       7040.1532
       388000049013615          49         388       7040.1532
       388000049013615          49         388       7040.1532
       388000049013626          49         388       7040.1532
       388000049013626          49         388       7040.1532
       388000049013626          49         388       7040.1532
       388000049013626          49         388       7040.1532
       388000049013635          49         388       7040.1532
       388000049013635          49         388       7040.1532
       388000049013635          49         388       7040.1532
       388000049013635          49         388       7040.1532
       388000049011889          49         388       7040.1532
       388000049011889          49         388       7040.1532
       388000049011889          49         388       7040.1532
       388000049011889          49         388       7040.1532
       388000049011907          49         388       7040.1532
       388000049011907          49         388       7040.1532
       388000049011907          49         388       7040.1532
       388000049011907          49         388       7040.1532
       388000049013675          49         388       7040.1532
       388000049013675          49         388       7040.1532
       388000049013675          49         388       7040.1532
       388000049013675          49         388       7040.1532
       388000049013690          49         388       7040.1532
       388000049013690          49         388       7040.1532
       388000049013690          49         388       7040.1532
       388000049013690          49         388       7040.1532
       388000049016669          49         388       7040.1532
       388000049016669          49         388       7040.1532
       388000049016669          49         388       7040.1532
       388000049016669          49         388       7040.1532
       388000049016760          49         388       7040.1532
       388000049016760          49         388       7040.1532
       388000049016760          49         388       7040.1532
       388000049016760          49         388       7040.1532
       388000049016775          49         388       7040.1532
       388000049016775          49         388       7040.1532
       388000049016775          49         388       7040.1532
       388000049016775          49         388       7040.1532
       388000049018657          49         388       7040.1532
       388000049018657          49         388       7040.1532
       388000049018657          49         388       7040.1532
       388000049018657          49         388       7040.1532
       388000049018679          49         388       7040.1532
       388000049018679          49         388       7040.1532
       388000049018679          49         388       7040.1532
       388000049018679          49         388       7040.1532
       388000049018694          49         388       7040.1532
       388000049018694          49         388       7040.1532
       388000049018694          49         388       7040.1532
       388000049018694          49         388       7040.1532
       388000049018706          49         388       7040.1532
       388000049018706          49         388       7040.1532
       388000049018706          49         388       7040.1532
       388000049018706          49         388       7040.1532
       388000049025633          49         388       7040.1532
       388000049025633          49         388       7040.1532
       388000049025633          49         388       7040.1532
       388000049025633          49         388       7040.1532
       388000049025665          49         388       7040.1532
       388000049025665          49         388       7040.1532
       388000049025665          49         388       7040.1532
       388000049025665          49         388       7040.1532
       388000049025731          49         388       7040.1532
       388000049025731          49         388       7040.1532
       388000049025731          49         388       7040.1532
       388000049025731          49         388       7040.1532
       388000049025923          49         388       7040.1532
       388000049025923          49         388       7040.1532
       388000049025923          49         388       7040.1532
       388000049025923          49         388       7040.1532
       388000049026012          49         388       7040.1532
       388000049026012          49         388       7040.1532
       388000049026012          49         388       7040.1532
       388000049026012          49         388       7040.1532
       388000049014949          49         388       7040.1532
       388000049014949          49         388       7040.1532
       388000049014949          49         388       7040.1532
       388000049014949          49         388       7040.1532
       388000049016615          49         388       7040.1532
       388000049016615          49         388       7040.1532
       388000049016615          49         388       7040.1532
       388000049016615          49         388       7040.1532
       388000049016629          49         388       7040.1532
       388000049016629          49         388       7040.1532
       388000049016629          49         388       7040.1532
       388000049016629          49         388       7040.1532
       388000049029919          49         388       7040.1532
       388000049029919          49         388       7040.1532
       388000049029919          49         388       7040.1532
       388000049029919          49         388       7040.1532
       388000049029953          49         388       7040.1532
       388000049029953          49         388       7040.1532
       388000049029953          49         388       7040.1532
       388000049029953          49         388       7040.1532
       388000049030015          49         388       7040.1532
       388000049030015          49         388       7040.1532
       388000049030015          49         388       7040.1532
       388000049030015          49         388       7040.1532
       388000049030037          49         388       7040.1532
       388000049000028          49         388       1.3333333
       388000049000028          49         388       1.3333333
       388000049000028          49         388       1.3333333
       388000049000028          49         388       1.3333333
       388000049007825          49         388       7040.1532
       388000049007816          49         388       7040.1532
       388000049007816          49         388       7040.1532
       388000049007816          49         388       7040.1532
       388000049007816          49         388       7040.1532
       388000049007801          49         388       7040.1532
       388000049007801          49         388       7040.1532
       388000049007801          49         388       7040.1532
       388000049007801          49         388       7040.1532
       388000049005786          49         388       7040.1532
       388000049005786          49         388       7040.1532
       388000049005786          49         388       7040.1532
       388000049005786          49         388       7040.1532
       388000049005780          49         388       7040.1532
       388000049005780          49         388       7040.1532
       388000049005780          49         388       7040.1532
       388000049005780          49         388       7040.1532
       388000049005768          49         388       7040.1532
       388000049005768          49         388       7040.1532
       388000049005768          49         388       7040.1532
       388000049005768          49         388       7040.1532
       388000049005726          49         388       7040.1532
       388000049005726          49         388       7040.1532
       388000049005726          49         388       7040.1532
       388000049005726          49         388       7040.1532
       388000049005705          49         388       7040.1532
       388000049005705          49         388       7040.1532
       388000049005705          49         388       7040.1532
       388000049005705          49         388       7040.1532
       388000049005699          49         388       7040.1532
       388000049005699          49         388       7040.1532
       388000049005699          49         388       7040.1532
       388000049005699          49         388       7040.1532
       388000049005689          49         388       7040.1532
       388000049005689          49         388       7040.1532
       388000049005689          49         388       7040.1532
       388000049005689          49         388       7040.1532
       388000049005672          49         388       7040.1532
       388000049005672          49         388       7040.1532
       388000049005668          49         388       7040.1532
       388000049005668          49         388       7040.1532
       388000049005668          49         388       7040.1532
       388000049004851          49         388       7040.1532
       388000049004875          49         388       7040.1532
       388000049004882          49         388       7040.1532
       388000049004908          49         388       7040.1532
       388000049004851          49         388       7040.1532
       388000049004875          49         388       7040.1532
       388000049004882          49         388       7040.1532
       388000049004908          49         388       7040.1532
       388000049004816          49         388       7040.1532
       388000049004819          49         388       7040.1532
       388000049004832          49         388       7040.1532
       388000049004833          49         388       7040.1532
       388000049004835          49         388       7040.1532
       388000049004838          49         388       7040.1532
       388000049004851          49         388       7040.1532
       388000049004875          49         388       7040.1532
       388000049004882          49         388       7040.1532
       388000049004908          49         388       7040.1532
       388000049004816          49         388       7040.1532
       388000049004819          49         388       7040.1532
       388000049004832          49         388       7040.1532
       388000049004833          49         388       7040.1532
       388000049004835          49         388       7040.1532
       388000049004838          49         388       7040.1532
       388000049004851          49         388       7040.1532
       388000049004875          49         388       7040.1532
       388000049004882          49         388       7040.1532
       388000049004908          49         388       7040.1532
       388000049004816          49         388       7040.1532
       388000049004819          49         388       7040.1532
       388000049004832          49         388       7040.1532
       388000049004833          49         388       7040.1532
       388000049004835          49         388       7040.1532
       388000049004838          49         388       7040.1532
       388000049004816          49         388       7040.1532
       388000049004819          49         388       7040.1532
       388000049004832          49         388       7040.1532
       388000049004833          49         388       7040.1532
       388000049004835          49         388       7040.1532
       388000049004838          49         388       7040.1532
       388000049005672          49         388       7040.1532
       388000049005672          49         388       7040.1532
       388000049035124          49         388       7040.1532
       388000049035124          49         388       7040.1532
       388000049030037          49         388       7040.1532
       388000049030037          49         388       7040.1532
       388000049030037          49         388       7040.1532
       388000049009270          49         388       7040.1532
       388000049009270          49         388       7040.1532
       388000049009270          49         388       7040.1532
       388000049009270          49         388       7040.1532
       388000049009259          49         388       7040.1532
       388000049009259          49         388       7040.1532
       388000049009259          49         388       7040.1532
       388000049009259          49         388       7040.1532
       388000049009222          49         388       7040.1532
       388000049009222          49         388       7040.1532
       388000049009222          49         388       7040.1532
       388000049009222          49         388       7040.1532
       388000049007825          49         388       7040.1532
       388000049007825          49         388       7040.1532
       388000049007825          49         388       7040.1532
       388000049005668          49         388       7040.1532
       388000049007844          49         388       7040.1532
       388000049007844          49         388       7040.1532
       388000049007844          49         388       7040.1532
       388000049007844          49         388       7040.1532
       388000049009295          49         388       7040.1532
       388000049009295          49         388       7040.1532
       388000049009295          49         388       7040.1532
       388000049009295          49         388       7040.1532
       388000049009349          49         388       7040.1532
       388000049009349          49         388       7040.1532
       388000049009349          49         388       7040.1532
       388000049009349          49         388       7040.1532
       388000049025944          49         388       7040.1532
       388000049025944          49         388       7040.1532
       388000049025944          49         388       7040.1532
       388000049025944          49         388       7040.1532
       388000049007762          49         388       7040.1532
       388000049007762          49         388       7040.1532
       388000049007762          49         388       7040.1532
       388000049007762          49         388       7040.1532
       388000049041140          49         388       7040.1532
       388000049005741          49         388       7236.6589
       388000049005741          49         388       7236.6589
       388000049005741          49         388       7236.6589
       388000049005741          49         388       7236.6589
       388000049009218          49         388       7236.6589
       388000049009218          49         388       7236.6589
       388000049009218          49         388       7236.6589
       388000049009218          49         388       7236.6589
       388000049009241          49         388       7236.6589
       388000049009241          49         388       7236.6589
       388000049009241          49         388       7236.6589
       388000049009241          49         388       7236.6589
       388000049009251          49         388       7236.6589
       388000049009251          49         388       7236.6589
       388000049009251          49         388       7236.6589
       388000049009251          49         388       7236.6589
       388000049004848          49         388       7236.6589
       388000049004824          49         388       7236.6589
       388000049004827          49         388       7236.6589
       388000049007758          49         388       7236.6589
       388000049007758          49         388       7236.6589
       388000049007758          49         388       7236.6589
       388000049007758          49         388       7236.6589
       388000049005746          49         388       7236.6589
       388000049005746          49         388       7236.6589
       388000049005746          49         388       7236.6589
       388000049005746          49         388       7236.6589
       388000049005683          49         388       7236.6589
       388000049005683          49         388       7236.6589
       388000049005683          49         388       7236.6589
       388000049005683          49         388       7236.6589
       388000049004848          49         388       7236.6589
       388000049004824          49         388       7236.6589
       388000049004827          49         388       7236.6589
       388000049004815          49         388       7236.6589
       388000049004848          49         388       7236.6589
       388000049004824          49         388       7236.6589
       388000049004827          49         388       7236.6589
       388000049004815          49         388       7236.6589
       388000049004848          49         388       7236.6589
       388000049004824          49         388       7236.6589
       388000049004827          49         388       7236.6589
       388000049004815          49         388       7236.6589
       388000049004815          49         388       7236.6589
       388000049030067          49         388       7236.6589
       388000049030067          49         388       7236.6589
       388000049030067          49         388       7236.6589
       388000049030067          49         388       7236.6589
       388000049016651          49         388       7236.6589
       388000049016651          49         388       7236.6589
       388000049016651          49         388       7236.6589
       388000049016651          49         388       7236.6589
       388000049029845          49         388       7236.6589
       388000049029845          49         388       7236.6589
       388000049029845          49         388       7236.6589
       388000049029845          49         388       7236.6589
       388000049013716          49         388       7236.6589
       388000049013716          49         388       7236.6589
       388000049013716          49         388       7236.6589
       388000049013716          49         388       7236.6589
       388000049011942          49         388       7236.6589
       388000049011942          49         388       7236.6589
       388000049011942          49         388       7236.6589
       388000049011942          49         388       7236.6589
       388000049013647          49         388       7236.6589
       388000049013647          49         388       7236.6589
       388000049013647          49         388       7236.6589
       388000049013647          49         388       7236.6589
       388000049011857          49         388       7236.6589
       388000049011857          49         388       7236.6589
       388000049011857          49         388       7236.6589
       388000049011857          49         388       7236.6589
       388000049010848          49         388       7236.6589
       388000049010848          49         388       7236.6589
       388000049010848          49         388       7236.6589
       388000049010848          49         388       7236.6589
       388000049033031          49         388       7236.6589
       388000049033031          49         388       7236.6589
       388000049033031          49         388       7236.6589
       388000049036832          49         388       7236.6589
       388000049032722          49         388       7236.6589
       388000049032722          49         388       7236.6589
       388000049032722          49         388       7236.6589
       388000049032781          49         388       7236.6589
       388000049032781          49         388       7236.6589
       388000049032781          49         388       7236.6589
       388000049014864          49         388       7236.6589
       388000049014864          49         388       7236.6589
       388000049014864          49         388       7236.6589
       388000049014864          49         388       7236.6589
       388000049014914          49         388       7236.6589
       388000049014914          49         388       7236.6589
       388000049014914          49         388       7236.6589
       388000049014914          49         388       7236.6589
       388000049059869          49         388       7236.6589
       388000049005739          49         388       20466.520
       388000049005739          49         388       20466.520
       388000049005739          49         388       20466.520
       388000049005739          49         388       20466.520
       388000049004864          49         388       20466.520
       388000049004915          49         388       20466.520
       388000049004895          49         388       20466.520
       388000049004864          49         388       20466.520
       388000049004915          49         388       20466.520
       388000049004895          49         388       20466.520
       388000049004864          49         388       20466.520
       388000049004915          49         388       20466.520
       388000049004895          49         388       20466.520
       388000049004864          49         388       20466.520
       388000049004915          49         388       20466.520
       388000049004895          49         388       20466.520
       388000049005793          49         388       20466.520
       388000049005793          49         388       20466.520
       388000049005793          49         388       20466.520
       388000049005793          49         388       20466.520
       388000049007785          49         388       20466.520
       388000049007785          49         388       20466.520
       388000049007785          49         388       20466.520
       388000049007785          49         388       20466.520
       388000049005758          49         388       20466.520
       388000049005758          49         388       20466.520
       388000049005758          49         388       20466.520
       388000049005758          49         388       20466.520
       388000049053819          49         388       20466.520
       388000049030131          49         388       20466.520
       388000049030131          49         388       20466.520
       388000049030131          49         388       20466.520
       388000049030131          49         388       20466.520
       388000049030232          49         388       20466.520
       388000049030232          49         388       20466.520
       388000049030232          49         388       20466.520
       388000049030232          49         388       20466.520
       388000049032935          49         388       20466.520
       388000049032935          49         388       20466.520
       388000049032935          49         388       20466.520
       388000049011874          49         388       20466.520
       388000049011874          49         388       20466.520
       388000049011874          49         388       20466.520
       388000049011874          49         388       20466.520
       388000049016801          49         388       20466.520
       388000049016801          49         388       20466.520
       388000049016801          49         388       20466.520
       388000049016801          49         388       20466.520
       388000049025857          49         388       20466.520
       388000049025857          49         388       20466.520
       388000049025857          49         388       20466.520
       388000049025857          49         388       20466.520
       388009870000028        9870         388       10158.286
       388009870000234        9870         388       7040.1532
       390010681001584       10681         390       7040.1532
       390010681001595       10681         390       7040.1532
       390010681001613       10681         390       7040.1532
       390010681002267       10681         390       7040.1532
       390010681002295       10681         390       7040.1532
       390010681002546       10681         390       7040.1532
       390010681003668       10681         390       7040.1532
       390010681004514       10681         390       7040.1532
       390010681004530       10681         390       7040.1532
       390010681004542       10681         390       7040.1532
       390010681005179       10681         390       7040.1532
       390010681006293       10681         390       7040.1532
       390010681006816       10681         390       7040.1532
       390010681010900       10681         390       7040.1532
       390010681011584       10681         390       7040.1532
       390010681000028       10681         390       109.40000
       390010681003642       10681         390       7040.1532
       390010681002107       10681         390       7040.1532
       390010681001142       10681         390       7040.1532
       390010681001148       10681         390       7040.1532
       390010681007330       10681         390       20466.520
       390010681002281       10681         390       20466.520
       390010681001129       10681         390       7236.6589
       390010681001603       10681         390       7236.6589
       390010681006244       10681         390       7236.6589
       390010681003653       10681         390       7236.6589
       390010681007287       10681         390       7236.6589
       390010681005159       10681         390       7236.6589
       390010681003660       10681         390       7236.6589
       390010681001617       10681         390       7236.6589
       390010681001623       10681         390       7040.1532
       390010681001633       10681         390       7040.1532
       390010681002116       10681         390       60742.229
       400007084000028        7084         400       62953.700
       402019775000028       19775         402       43513.588
       402019775000055       19775         402       7040.1532
       407001415000028        1415         407       42410.800
       408000500000659         500         408       43513.588
       409000408000028         408         409       42410.800
       413015853003367       15853         413       7040.1532
       413015853003150       15853         413       3983.0000
       418000065000028          65         418       410.75000
       418000065000762          65         418       7040.1532
       418000065000851          65         418       7040.1532
       418000065000866          65         418       7040.1532
       418000065000717          65         418       7040.1532
       418000065000724          65         418       7040.1532
       421007983000028        7983         421       62953.700
       433000430000028         430         433       62953.700
       433000430000078         430         433       7236.6589
       435000126013283         126         435       20466.520
       435000126012799         126         435       20466.520
       435001009000028        1009         435       43513.588
       436000075001331          75         436       20466.520
       436000075003912          75         436       7236.6589
       436000075007604          75         436       7236.6589
       436000075005475          75         436       7236.6589
       436000075003347          75         436       7236.6589
       436000075001535          75         436       7040.1532
       436000075002096          75         436       7040.1532
       436000075002115          75         436       7040.1532
       436000075003335          75         436       7040.1532
       436000075003360          75         436       7040.1532
       436000075003683          75         436       7040.1532
       436000075007091          75         436       7040.1532
       436000075000028          75         436       109.40000
       437005150000763        5150         437       7040.1532
       437005150000833        5150         437       7040.1532
       437005150004011        5150         437       7040.1532
       437005150001659        5150         437       7040.1532
       437005150001167        5150         437       20466.520
       437005150001135        5150         437       20466.520
       438003511000044        3511         438       7236.6589
       438003511000028        3511         438       60742.229
       440001384000028        1384         440       62953.700
       443000222000028         222         443       16540.250
       443000222000365         222         443       7040.1532
       446001959000028        1959         446       20466.520
       449001459000506        1459         449       7040.1532
       449002724000028        2724         449       43513.588
       449003396000028        3396         449       62953.700
       449004608000028        4608         449       62953.700
       458000143000028         143         458       3983.0000
       464001504000028        1504         464       3547.4000
       464001504000571        1504         464       7040.1532
       464001504000464        1504         464       7040.1532
       465001633001316        1633         465       7040.1532
       465001633001313        1633         465       7040.1532
       465001633002206        1633         465       7040.1532
       465001633002217        1633         465       7040.1532
       465001633002296        1633         465       7040.1532
       465001633003938        1633         465       7040.1532
       465001633000028        1633         465       109.40000
       465001633002017        1633         465       20466.520
       465001633001338        1633         465       20466.520
       465001633001323        1633         465       20466.520
       465001633001502        1633         465       7236.6589
       465001633001855        1633         465       7236.6589
       465001633002864        1633         465       7236.6589
       465001633002197        1633         465       7236.6589
       465001633001504        1633         465       7040.1532
       465001633002230        1633         465       7040.1532
       465001633002718        1633         465       7040.1532
       465001633001312        1633         465       7236.6589
       468001481002415        1481         468       7236.6589
       468001481002983        1481         468       7236.6589
       468001481001939        1481         468       7236.6589
       468001481001947        1481         468       7236.6589
       468001481000941        1481         468       7236.6589
       468001481001962        1481         468       20466.520
       468001481001950        1481         468       20466.520
       468001481000028        1481         468       109.40000
       468001481003146        1481         468       7040.1532
       468001481003406        1481         468       7040.1532
       468001481004336        1481         468       7040.1532
       468001481001937        1481         468       7040.1532
       468001481002268        1481         468       7040.1532
       468001481002272        1481         468       7040.1532
       468001481002421        1481         468       7040.1532
       468001481002623        1481         468       7040.1532
       468001481002783        1481         468       7040.1532
       468001481002972        1481         468       7040.1532
       469003334000732        3334         469       7040.1532
       469003334000735        3334         469       7040.1532
       469003334000816        3334         469       7040.1532
       469003334000028        3334         469       410.75000
       469003334001593        3334         469       7040.1532
       469003334000875        3334         469       7040.1532
       469003334000889        3334         469       7040.1532
       469003334000900        3334         469       7040.1532
       469003334001070        3334         469       7040.1532
       469003334001202        3334         469       7040.1532
       469003334001524        3334         469       7040.1532
       469003334001213        3334         469       20466.520
       469003334000821        3334         469       20466.520
       469003334000731        3334         469       7236.6589
       469003334001533        3334         469       7236.6589
       469003334001063        3334         469       7236.6589
       469003334000962        3334         469       7040.1532
       469007413000028        7413         469       20466.520
       479002343003865        2343         479       20466.520
       479002343003878        2343         479       20466.520
       479002343006651        2343         479       20466.520
       479002343019401        2343         479       20466.520
       479002343003295        2343         479       20466.520
       479002343003288        2343         479       20466.520
       479002343004407        2343         479       20466.520
       479002343004478        2343         479       20466.520
       479002343003326        2343         479       20466.520
       479002343005208        2343         479       20466.520
       479002343003251        2343         479       7236.6589
       479002343003255        2343         479       7236.6589
       479002343004404        2343         479       7236.6589
       479002343003223        2343         479       7236.6589
       479002343003226        2343         479       7236.6589
       479002343029800        2343         479       7236.6589
       479002343023628        2343         479       7236.6589
       479002343018529        2343         479       7236.6589
       479002343004442        2343         479       7236.6589
       479002343011815        2343         479       7236.6589
       479002343005174        2343         479       7236.6589
       479002343039538        2343         479       7236.6589
       479002343003843        2343         479       7040.1532
       479002343006548        2343         479       7236.6589
       479002343003294        2343         479       7040.1532
       479002343003261        2343         479       7040.1532
       479002343003262        2343         479       7040.1532
       479002343003268        2343         479       7040.1532
       479002343003276        2343         479       7040.1532
       479002343003327        2343         479       7040.1532
       479002343003333        2343         479       7040.1532
       479002343003365        2343         479       7040.1532
       479002343003839        2343         479       7040.1532
       479002343003841        2343         479       7040.1532
       479002343003850        2343         479       7040.1532
       479002343003228        2343         479       7040.1532
       479002343003239        2343         479       7040.1532
       479002343003246        2343         479       7040.1532
       479002343003250        2343         479       7040.1532
       479002343006555        2343         479       7040.1532
       479002343006569        2343         479       7040.1532
       479002343006664        2343         479       7040.1532
       479002343007605        2343         479       7040.1532
       479002343007627        2343         479       7040.1532
       479002343007677        2343         479       7040.1532
       479002343007689        2343         479       7040.1532
       479002343010784        2343         479       7040.1532
       479002343010795        2343         479       7040.1532
       479002343010809        2343         479       7040.1532
       479002343010823        2343         479       7040.1532
       479002343011677        2343         479       7040.1532
       479002343011715        2343         479       7040.1532
       479002343011768        2343         479       7040.1532
       479002343003313        2343         479       7040.1532
       479002343012737        2343         479       7040.1532
       479002343012769        2343         479       7040.1532
       479002343013894        2343         479       7040.1532
       479002343014833        2343         479       7040.1532
       479002343017669        2343         479       7040.1532
       479002343005182        2343         479       7040.1532
       479002343005197        2343         479       7040.1532
       479002343019375        2343         479       7040.1532
       479002343022407        2343         479       7040.1532
       479002343026770        2343         479       7040.1532
       479002343029796        2343         479       7040.1532
       479002343029823        2343         479       7040.1532
       479002343000028        2343         479       11.000000
       479002343006700        2343         479       60742.229
       497003425010731        3425         497       62953.700
       497003425032245        3425         497       7040.1532
       497003425017774        3425         497       7040.1532
       497003425020486        3425         497       7040.1532
       497003425015909        3425         497       7040.1532
       497003425015921        3425         497       7040.1532
       497003425016854        3425         497       7040.1532
       497003425016871        3425         497       7040.1532
       497003425016937        3425         497       7040.1532
       497003425015097        3425         497       7040.1532
       497003425017011        3425         497       7040.1532
       497003425010676        3425         497       7040.1532
       497003425010683        3425         497       7040.1532
       497003425010690        3425         497       7040.1532
       497003425010708        3425         497       7040.1532
       497003425010752        3425         497       7040.1532
       497003425011352        3425         497       7040.1532
       497003425023614        3425         497       7040.1532
       497003425016883        3425         497       7040.1532
       497003425031184        3425         497       7236.6589
       497003425028846        3425         497       7236.6589
       497003425020496        3425         497       7236.6589
       497003425017757        3425         497       7236.6589
       497003425016842        3425         497       7236.6589
       497003425014979        3425         497       7236.6589
       497003425010671        3425         497       7236.6589
       497003425011437        3425         497       7236.6589
       497003425015065        3425         497       7236.6589
       497003425015900        3425         497       7236.6589
       497003425016968        3425         497       7236.6589
       497003425016985        3425         497       7236.6589
       497003425022415        3425         497       7236.6589
       497003425022449        3425         497       7236.6589
       497003425029809        3425         497       7236.6589
       497003425011415        3425         497       20466.520
       497003425017739        3425         497       20466.520
       497003425010712        3425         497       20466.520
       497003425016995        3425         497       20466.520
       502002161001294        2161         502       20466.520
       502002161001499        2161         502       20466.520
       502002161000640        2161         502       7236.6589
       502002161003513        2161         502       7236.6589
       502002161001133        2161         502       7236.6589
       502002161001280        2161         502       7236.6589
       502002161001754        2161         502       7236.6589
       502002161001763        2161         502       7236.6589
       502002161002122        2161         502       7236.6589
       502002161002459        2161         502       7236.6589
       502002161002476        2161         502       7236.6589
       502002161003744        2161         502       7040.1532
       502002161001267        2161         502       7040.1532
       502002161000644        2161         502       7040.1532
       502002161000927        2161         502       7040.1532
       502002161003497        2161         502       7040.1532
       502002161000028        2161         502       410.75000
       504012526000259       12526         504       7236.6589
       504012526000028       12526         504       10158.286
       504012526000185       12526         504       20466.520
       508000136004607         136         508       3983.0000
       508000136004817         136         508       7040.1532
       508000136004824         136         508       7040.1532
