        1351
              88000376          88           0       6671.1108
              88000022          88           0       6871.2500
         3001252000046        1252           3       6671.1108
         3001252000022        1252           3       104118.43
         9000813000022         813           9       73295.722
         9000813000084         813           9       6469.3527
        10000721000022         721          10       52087.556
        12000052004827          52          12       21476.476
        12000052005144          52          12       21476.476
        12000052018429          52          12       21476.476
        12000052007148          52          12       21476.476
        12000052006107          52          12       21476.476
        12000052006849          52          12       6671.1108
        12000052006858          52          12       6671.1108
        12000052006123          52          12       6671.1108
        12000052006135          52          12       6671.1108
        12000052006411          52          12       6671.1108
        12000052006513          52          12       6671.1108
        12000052006785          52          12       6671.1108
        12000052006793          52          12       6671.1108
        12000052007172          52          12       6671.1108
        12000052008640          52          12       6671.1108
        12000052009933          52          12       6671.1108
        12000052010577          52          12       6671.1108
        12000052019359          52          12       6671.1108
        12000052005661          52          12       6671.1108
        12000052020134          52          12       6671.1108
        12000052005131          52          12       6671.1108
        12000052005139          52          12       6671.1108
        12000052005156          52          12       6671.1108
        12000052005639          52          12       6671.1108
        12000052005654          52          12       6671.1108
        12000052005669          52          12       6671.1108
        12000052006087          52          12       6671.1108
        12000052005081          52          12       6671.1108
        12000052005090          52          12       6671.1108
        12000052005106          52          12       6671.1108
        12000052005113          52          12       6671.1108
        12000052004787          52          12       6671.1108
        12000052004797          52          12       6671.1108
        12000052004817          52          12       6671.1108
        12000052005066          52          12       6671.1108
        12000052005070          52          12       6671.1108
        12000052005170          52          12       6671.1108
        12000052024737          52          12       6469.3527
        12000052006778          52          12       6469.3527
        12000052006501          52          12       6469.3527
        12000052006446          52          12       6469.3527
        12000052005650          52          12       6469.3527
        12000052000022          52          12       14.714286
        12000052005078          52          12       6469.3527
        12000052005116          52          12       6469.3527
        12000052005121          52          12       6469.3527
        12000052006808          52          12       6469.3527
        12000052004819          52          12       6671.1108
        12000052018490          52          12       73295.722
        13000060000022          60          13       10261.200
        18003474000069        3474          18       6671.1108
        18003474000022        3474          18       73295.722
        20006696000022        6696          20       39333.286
        20006696000076        6696          20       6671.1108
        20006696000094        6696          20       6469.3527
        20007503000022        7503          20       72146.182
        23003330011933        3330          23       21476.476
        23003330011909        3330          23       21476.476
        23003330010108        3330          23       21476.476
        23003330008784        3330          23       21476.476
        23003330040894        3330          23       21476.476
        23003330012606        3330          23       6671.1108
        23003330012628        3330          23       6671.1108
        23003330012643        3330          23       6671.1108
        23003330013545        3330          23       6671.1108
        23003330013566        3330          23       6671.1108
        23003330015630        3330          23       6671.1108
        23003330023187        3330          23       6671.1108
        23003330027182        3330          23       6671.1108
        23003330027228        3330          23       6671.1108
        23003330027255        3330          23       6671.1108
        23003330029284        3330          23       6671.1108
        23003330029305        3330          23       6671.1108
        23003330029324        3330          23       6671.1108
        23003330031318        3330          23       6671.1108
        23003330034538        3330          23       6671.1108
        23003330009156        3330          23       6671.1108
        23003330009176        3330          23       6671.1108
        23003330009189        3330          23       6671.1108
        23003330009216        3330          23       6671.1108
        23003330009236        3330          23       6671.1108
        23003330010041        3330          23       6671.1108
        23003330010069        3330          23       6671.1108
        23003330010084        3330          23       6671.1108
        23003330010100        3330          23       6671.1108
        23003330010140        3330          23       6671.1108
        23003330011042        3330          23       6671.1108
        23003330011049        3330          23       6671.1108
        23003330011057        3330          23       6671.1108
        23003330011776        3330          23       6671.1108
        23003330011784        3330          23       6671.1108
        23003330011853        3330          23       6671.1108
        23003330011861        3330          23       6671.1108
        23003330037109        3330          23       6671.1108
        23003330039773        3330          23       6671.1108
        23003330009228        3330          23       6671.1108
        23003330010094        3330          23       6671.1108
        23003330009197        3330          23       6469.3527
        23003330009169        3330          23       6469.3527
        23003330009166        3330          23       6469.3527
        23003330011812        3330          23       6469.3527
        23003330011016        3330          23       6469.3527
        23003330034577        3330          23       6469.3527
        23003330034508        3330          23       6469.3527
        23003330032970        3330          23       6469.3527
        23003330027168        3330          23       6469.3527
        23003330018057        3330          23       6469.3527
        23003330016771        3330          23       6469.3527
        23003330012581        3330          23       6469.3527
        23003330000022        3330          23       4.7500000
        23003330008689        3330          23       6671.1108
        23003330008697        3330          23       6469.3527
        23003330008702        3330          23       6469.3527
        23003330008752        3330          23       6469.3527
        23003330008781        3330          23       6469.3527
        23003330008753        3330          23       6671.1108
        23003330008760        3330          23       6671.1108
        23003330008770        3330          23       6671.1108
        23003330008778        3330          23       6671.1108
        23003330008704        3330          23       6671.1108
        23003330008717        3330          23       6671.1108
        23003330008731        3330          23       6671.1108
        23003330008749        3330          23       6671.1108
        23003330036069        3330          23       104118.43
        27002713000022        2713          27       104118.43
        31015035000022       15035          31       6671.1108
        39000067000782          67          39       6671.1108
        39000067000878          67          39       6671.1108
        39000067000792          67          39       21476.476
        39000067000022          67          39       2881.6000
        39000068000022          68          39       2881.6000
        39000068000803          68          39       6469.3527
        39000068000442          68          39       6671.1108
        39000068000454          68          39       6671.1108
        39000068000497          68          39       6671.1108
        39000068001402          68          39       6671.1108
        39000068000787          68          39       6671.1108
        39000068001048          68          39       6671.1108
        39000068000815          68          39       6671.1108
        46003154000022        3154          46       52087.556
        60004544000022        4544          60       21476.476
        65000036001866          36          65       21476.476
        65000036001508          36          65       6671.1108
        65000036001522          36          65       6671.1108
        65000036002256          36          65       6671.1108
        65000036002551          36          65       6671.1108
        65000036003119          36          65       6469.3527
        65000036002243          36          65       6469.3527
        65000036001350          36          65       6469.3527
        65000036001313          36          65       6469.3527
        65000036000022          36          65       642.20000
        69009433000022        9433          69       39333.286
        71000086000931          86          71       21476.476
        71000086001493          86          71       6671.1108
        71000086001502          86          71       6671.1108
        71000086000913          86          71       6671.1108
        71000086001118          86          71       6469.3527
        71000086000924          86          71       6469.3527
        71000086000022          86          71       642.20000
        72002648000022        2648          72       104118.43
        73000064000022          64          73       139.44444
        73000064002918          64          73       6469.3527
        73000064002526          64          73       6469.3527
        73000064003010          64          73       6671.1108
        73000064002114          64          73       6671.1108
        73000064002131          64          73       6671.1108
        73000064002141          64          73       6671.1108
        73000064002165          64          73       6671.1108
        73000064002531          64          73       6671.1108
        73000064002779          64          73       6671.1108
        73000064003201          64          73       21476.476
        73000064003219          64          73       6671.1108
        73000064003325          64          73       6671.1108
        73000064003681          64          73       6671.1108
        73002004000022        2004          73       104118.43
        73004195000022        4195          73       21476.476
        75003792000022        3792          75       21476.476
        78000112006838         112          78       21476.476
        78000112003804         112          78       21476.476
        78000112006411         112          78       6671.1108
        78000112006824         112          78       6671.1108
        78000112002815         112          78       6671.1108
        78000112003289         112          78       6671.1108
        78000112003299         112          78       6671.1108
        78000112003331         112          78       6671.1108
        78000112003336         112          78       6671.1108
        78000112003338         112          78       6671.1108
        78000112003728         112          78       6671.1108
        78000112003739         112          78       6671.1108
        78000112003747         112          78       6671.1108
        78000112003788         112          78       6671.1108
        78000112003917         112          78       6671.1108
        78000112003297         112          78       6671.1108
        78000112009643         112          78       6671.1108
        78000112009618         112          78       6671.1108
        78000112007096         112          78       6671.1108
        78000112003933         112          78       6671.1108
        78000112003784         112          78       6469.3527
        78000112003277         112          78       6469.3527
        78000112002809         112          78       6469.3527
        78000112003941         112          78       6469.3527
        78000112000022         112          78       60.714286
        81000008000022           8          81       6671.1108
        81000250000022         250          81       39333.286
        81010989000135       10989          81       104118.43
        83000081006128          81          83       21476.476
        83000081006105          81          83       21476.476
        83000081011636          81          83       21476.476
        83000081011577          81          83       21476.476
        83000081009117          81          83       21476.476
        83000081007708          81          83       21476.476
        83000081010304          81          83       21476.476
        83000081011466          81          83       6671.1108
        83000081011487          81          83       6671.1108
        83000081011533          81          83       6671.1108
        83000081013195          81          83       6671.1108
        83000081016002          81          83       6671.1108
        83000081018140          81          83       6671.1108
        83000081019341          81          83       6671.1108
        83000081020533          81          83       6671.1108
        83000081021593          81          83       6671.1108
        83000081010331          81          83       6671.1108
        83000081012349          81          83       6671.1108
        83000081015935          81          83       6671.1108
        83000081007305          81          83       6671.1108
        83000081007175          81          83       6671.1108
        83000081009093          81          83       6671.1108
        83000081009168          81          83       6671.1108
        83000081010279          81          83       6671.1108
        83000081007695          81          83       6671.1108
        83000081008417          81          83       6671.1108
        83000081009059          81          83       6671.1108
        83000081007188          81          83       6671.1108
        83000081007208          81          83       6671.1108
        83000081007228          81          83       6671.1108
        83000081006518          81          83       6671.1108
        83000081006532          81          83       6671.1108
        83000081006600          81          83       6671.1108
        83000081006626          81          83       6671.1108
        83000081007167          81          83       6671.1108
        83000081000022          81          83       14.714286
        83000081006491          81          83       6469.3527
        83000081006540          81          83       6469.3527
        83000081006604          81          83       6469.3527
        83000081007298          81          83       6469.3527
        83000081009073          81          83       6469.3527
        83000081010425          81          83       6469.3527
        83000081023739          81          83       6469.3527
        83000081008445          81          83       6469.3527
        83000081007690          81          83       6469.3527
        83000081006509          81          83       6469.3527
        83000081006502          81          83       6469.3527
        83000081010322          81          83       6469.3527
        83000081009157          81          83       6469.3527
        83000081013925          81          83       6469.3527
        83000081013256          81          83       6469.3527
        83000081006093          81          83       6671.1108
        83000081006086          81          83       6671.1108
        83000081006079          81          83       6671.1108
        83000081006072          81          83       6671.1108
        83000081006137          81          83       6671.1108
        83000081006113          81          83       6469.3527
        83000081006067          81          83       6469.3527
        83000081006115          81          83       6671.1108
        89003706000022        3706          89       17851.111
        90001127051870        1127          90       6871.2500
        90001229000022        1229          90       10261.200
        90001229000304        1229          90       6469.3527
        99000181000022         181          99       17851.111
       108003428012809        3428         108       6671.1108
       108003428027040        3428         108       6671.1108
       108003428028819        3428         108       6671.1108
       108003428030394        3428         108       6671.1108
       108003428034387        3428         108       6671.1108
       108003428027870        3428         108       6469.3527
       112010220000022       10220         112       104118.43
       115000120000761         120         115       6469.3527
       115000120000143         120         115       642.20000
       115000120000766         120         115       6671.1108
       115000120000951         120         115       6671.1108
       115000120000972         120         115       6671.1108
       116001996000022        1996         116       6469.3527
       118000333000859         333         118       104118.43
       126003958000022        3958         126       15229.667
       127019553000022       19553         127       21476.476
       129024336000022       24336         129       6469.3527
       134007749000022        7749         134       15229.667
       158006584000022        6584         158       104118.43
       161001847000022        1847         161       73295.722
       161001847000059        1847         161       6671.1108
       162000048057171          48         162       6671.1108
       162000048057852          48         162       21476.476
       162000048055908          48         162       642.20000
       170002895000022        2895         170       73295.722
       172000363000022         363         172       14.714286
       172000363004820         363         172       6469.3527
       172000363008429         363         172       6469.3527
       172000363004567         363         172       6469.3527
       172000363007874         363         172       6469.3527
       172000363009242         363         172       6469.3527
       172000363004840         363         172       6469.3527
       172000363004860         363         172       21476.476
       172000363007886         363         172       21476.476
       172000363007169         363         172       21476.476
       172000363007121         363         172       21476.476
       172000363005192         363         172       21476.476
       172000363004569         363         172       21476.476
       172000363004856         363         172       6671.1108
       172000363005160         363         172       6671.1108
       172000363005172         363         172       6671.1108
       172000363006226         363         172       6671.1108
       172000363006265         363         172       6671.1108
       172000363006283         363         172       6671.1108
       172000363006301         363         172       6671.1108
       172000363006315         363         172       6671.1108
       172000363004822         363         172       6671.1108
       172000363004548         363         172       6671.1108
       172000363004562         363         172       6671.1108
       172000363012412         363         172       6671.1108
       172000363008469         363         172       6671.1108
       172000363008401         363         172       6671.1108
       172000363008419         363         172       6671.1108
       172001627000022        1627         172       52087.556
       172005875000022        5875         172       21476.476
       174000223000022         223         174       10261.200
       178000416000022         416         178       72146.182
       179000584000022         584         179       39333.286
       182000213000022         213         182       15229.667
       182000213000223         213         182       6469.3527
       184000215000022         215         184       17851.111
       185015305000692       15305         185       6671.1108
       185015305001050       15305         185       6671.1108
       185015305000708       15305         185       6671.1108
       185015305000847       15305         185       6469.3527
       185015305000633       15305         185       6469.3527
       185015305000022       15305         185       1737.7500
       191000138000022         138         191       1737.7500
       191000138001067         138         191       6469.3527
       191000138001073         138         191       6469.3527
       200016382000110       16382         200       6671.1108
       200016382000022       16382         200       39333.286
       204011686009793       11686         204       21476.476
       204011686009777       11686         204       21476.476
       204011686009685       11686         204       6469.3527
       204011686009681       11686         204       6469.3527
       204011686009672       11686         204       6469.3527
       204011686003200       11686         204       14.714286
       204011686009727       11686         204       6469.3527
       204011686009713       11686         204       6671.1108
       204011686009712       11686         204       6671.1108
       204011686009696       11686         204       6671.1108
       204011686009695       11686         204       6671.1108
       204011686009760       11686         204       6671.1108
       204011686009748       11686         204       6671.1108
       204011686009737       11686         204       6671.1108
       204011686009733       11686         204       6671.1108
       204011686009729       11686         204       6671.1108
       204011686009667       11686         204       6671.1108
       213000143003062         143         213       6671.1108
       213000143003044         143         213       6671.1108
       213000143003031         143         213       6671.1108
       213000143003022         143         213       6671.1108
       213000143003017         143         213       6671.1108
       213000143003104         143         213       6671.1108
       213000143003093         143         213       6671.1108
       213000143000022         143         213       60.714286
       213000143006253         143         213       6469.3527
       213000143005489         143         213       6469.3527
       213000143003848         143         213       6469.3527
       213000143003006         143         213       6469.3527
       213000143003828         143         213       6469.3527
       213000143003824         143         213       6469.3527
       213000143006049         143         213       6469.3527
       213000143007536         143         213       6469.3527
       213000143007708         143         213       6469.3527
       213000143005790         143         213       21476.476
       213000143006061         143         213       21476.476
       213000143003833         143         213       21476.476
       213000143003085         143         213       21476.476
       213000143003076         143         213       21476.476
       213000143003244         143         213       6671.1108
       213000143003560         143         213       6671.1108
       213000143006630         143         213       6671.1108
       213000143005777         143         213       6671.1108
       213000143005760         143         213       6671.1108
       213000143004416         143         213       6671.1108
       213000143004401         143         213       6671.1108
       213000143003860         143         213       6671.1108
       215007144000022        7144         215       17851.111
       216005324003184        5324         216       21476.476
       216005324003428        5324         216       6671.1108
       216005324003590        5324         216       21476.476
       216005324004249        5324         216       6671.1108
       216005324005229        5324         216       6671.1108
       216005324005244        5324         216       6671.1108
       216005324003621        5324         216       6671.1108
       216005324003449        5324         216       6671.1108
       216005324003459        5324         216       6671.1108
       216005324005465        5324         216       6469.3527
       216005324005713        5324         216       6469.3527
       216005324003447        5324         216       6469.3527
       216005324004830        5324         216       6469.3527
       216005324000022        5324         216       60.714286
       216005324003170        5324         216       6671.1108
       216005324003166        5324         216       6671.1108
       216005324003158        5324         216       6671.1108
       216005324003156        5324         216       6671.1108
       217003992003828        3992         217       6871.2500
       226002001000022        2001         226       73295.722
       226023527000022       23527         226       73295.722
       226029714000022       29714         226       6671.1108
       227001014000022        1014         227       72146.182
       229000580000022         580         229       21476.476
       232003545000022        3545         232       104118.43
       237000097007826          97         237       21476.476
       237000097008133          97         237       21476.476
       237000097017422          97         237       6671.1108
       237000097008321          97         237       6671.1108
       237000097010276          97         237       6671.1108
       237000097008703          97         237       6671.1108
       237000097011827          97         237       6671.1108
       237000097013171          97         237       6671.1108
       237000097012594          97         237       6671.1108
       237000097012578          97         237       6671.1108
       237000097010679          97         237       6671.1108
       237000097009568          97         237       6671.1108
       237000097009521          97         237       6671.1108
       237000097009097          97         237       6671.1108
       237000097009088          97         237       6671.1108
       237000097008120          97         237       6671.1108
       237000097007808          97         237       6671.1108
       237000097007802          97         237       6671.1108
       237000097007793          97         237       6671.1108
       237000097007815          97         237       6671.1108
       237000097003157          97         237       14.714286
       237000097008113          97         237       6469.3527
       237000097008117          97         237       6469.3527
       237000097009076          97         237       6469.3527
       237000097008336          97         237       6469.3527
       237000097011240          97         237       6469.3527
       237000097009083          97         237       6469.3527
       237000097007812          97         237       6469.3527
       240000032001517          32         240       6469.3527
       240000032000022          32         240       642.20000
       240000032001203          32         240       6671.1108
       240000032001031          32         240       6671.1108
       243012881000022       12881         243       73295.722
       257000034003994          34         257       21476.476
       257000034002478          34         257       6671.1108
       257000034002469          34         257       6671.1108
       257000034002458          34         257       6671.1108
       257000034003680          34         257       6671.1108
       257000034004808          34         257       6671.1108
       257000034004818          34         257       6671.1108
       257000034000022          34         257       60.714286
       257000034003644          34         257       6469.3527
       257000034006459          34         257       6469.3527
       257000034005057          34         257       6469.3527
       257000034003661          34         257       6469.3527
       257000034005410          34         257       6469.3527
       257000034008610          34         257       6469.3527
       257000398000163         398         257       6469.3527
       257000398000022         398         257       17851.111
       259001305004031        1305         259       6671.1108
       259001305006030        1305         259       6671.1108
       259001305000136        1305         259       139.44444
       259001307000022        1307         259       139.44444
       259001307002978        1307         259       6469.3527
       259001307003406        1307         259       6469.3527
       259001307002179        1307         259       6671.1108
       259001307002191        1307         259       6671.1108
       259001307002412        1307         259       6671.1108
       259001307001936        1307         259       6671.1108
       259001307001928        1307         259       6671.1108
       259001307001910        1307         259       6671.1108
       259001307001902        1307         259       6671.1108
       259001307002453        1307         259       21476.476
       259001307002423        1307         259       104118.43
       261009708000022        9708         261       73295.722
       265009968000022        9968         265       17851.111
       268001639000022        1639         268       17851.111
       271010775000022       10775         271       17851.111
       271010775000189       10775         271       6469.3527
       274004441000022        4441         274       17851.111
       274004441000127        4441         274       21476.476
       277020311000722       20311         277       6671.1108
       277020311000913       20311         277       6469.3527
       277020311000022       20311         277       2881.6000
       278000917000022         917         278       104118.43
       290000054000022          54         290       139.44444
       290000054001887          54         290       6469.3527
       290000054001703          54         290       6469.3527
       290000054001701          54         290       6671.1108
       290000054001685          54         290       6671.1108
       290000054001675          54         290       6671.1108
       290000054001662          54         290       6671.1108
       290000054003471          54         290       6671.1108
       290000054001889          54         290       6671.1108
       290000054002388          54         290       21476.476
       294002858000022        2858         294       73295.722
       294006781000022        6781         294       104118.43
       309002410000022        2410         309       72146.182
       311002120000022        2120         311       39333.286
       312000056003186          56         312       21476.476
       312000056003180          56         312       6671.1108
       312000056003178          56         312       6671.1108
       312000056003200          56         312       6469.3527
       312000056003177          56         312       6469.3527
       312000056000022          56         312       14.714286
       314000099000022          99         314       2881.6000
       314000099000628          99         314       6671.1108
       314000099000787          99         314       6671.1108
       314000099000934          99         314       6671.1108
       314000099000983          99         314       6671.1108
       318000641000097         641         318       6671.1108
       318000641000022         641         318       72146.182
       319000153000828         153         319       6671.1108
       319000153000851         153         319       6671.1108
       319000153000022         153         319       2881.6000
       327019991000145       19991         327       6671.1108
       327019991000022       19991         327       15229.667
       330000725000022         725         330       72146.182
       338005488000022        5488         338       104118.43
       340027416000022       27416         340       6671.1108
       341000117010799         117         341       6671.1108
       341000117010778         117         341       6671.1108
       341000117010762         117         341       6671.1108
       341000117009629         117         341       6671.1108
       341000117009189         117         341       6671.1108
       341000117009219         117         341       6671.1108
       341000117009227         117         341       6671.1108
       341000117010167         117         341       6671.1108
       341000117010173         117         341       6671.1108
       341000117012802         117         341       6671.1108
       341000117014814         117         341       6671.1108
       341000117008689         117         341       6671.1108
       341000117008681         117         341       6671.1108
       341000117008679         117         341       6671.1108
       341000117008676         117         341       6671.1108
       341000117008666         117         341       6671.1108
       341000117008658         117         341       6671.1108
       341000117008655         117         341       6671.1108
       341000117010837         117         341       21476.476
       341000117009638         117         341       21476.476
       341000117009621         117         341       21476.476
       341000117000022         117         341       4.7500000
       341000117012789         117         341       6469.3527
       341000117009673         117         341       6469.3527
       341000117014712         117         341       6469.3527
       341000117009183         117         341       6469.3527
       341000117011372         117         341       6469.3527
       341000117009608         117         341       6469.3527
       341000117009596         117         341       6469.3527
       341000117008592         117         341       6469.3527
       341000117008619         117         341       6469.3527
       341000117008597         117         341       6671.1108
       341000117008594         117         341       6671.1108
       341000117009650         117         341       104118.43
       341000117009253         117         341       73295.722
       341000117011435         117         341       104118.43
       344000322000022         322         344       52087.556
       344000322000064         322         344       21476.476
       345001327000022        1327         345       72146.182
       359000104017275         104         359       104118.43
       359000104007998         104         359       21476.476
       359000104005972         104         359       21476.476
       359000104005433         104         359       21476.476
       359000104001989         104         359       6671.1108
       359000104005167         104         359       6671.1108
       359000104006619         104         359       6671.1108
       359000104006648         104         359       6671.1108
       359000104007394         104         359       6671.1108
       359000104005177         104         359       6671.1108
       359000104005417         104         359       6671.1108
       359000104004749         104         359       6671.1108
       359000104004737         104         359       6671.1108
       359000104009082         104         359       6671.1108
       359000104008524         104         359       6671.1108
       359000104007974         104         359       6671.1108
       359000104009109         104         359       6671.1108
       359000104005184         104         359       6671.1108
       359000104002426         104         359       6671.1108
       359000104002447         104         359       6671.1108
       359000104001997         104         359       6469.3527
       359000104001986         104         359       6469.3527
       359000104001975         104         359       6469.3527
       359000104009098         104         359       6469.3527
       359000104006626         104         359       6469.3527
       359000104005412         104         359       6469.3527
       359000104004731         104         359       6469.3527
       359000104013468         104         359       6469.3527
       359000104000022         104         359       139.44444
       359000198000022         198         359       15229.667
       367000142020232         142         367       21476.476
       367000142019299         142         367       6671.1108
       367000142019303         142         367       6671.1108
       367000142021034         142         367       6671.1108
       367000142020595         142         367       6671.1108
       367000142020584         142         367       6671.1108
       367000142019842         142         367       6671.1108
       367000142019487         142         367       6671.1108
       367000142021019         142         367       6671.1108
       367000142022356         142         367       6671.1108
       367000142019321         142         367       6671.1108
       367000142015809         142         367       60.714286
       367000142019309         142         367       6469.3527
       367000142019853         142         367       6469.3527
       378001097000060        1097         378       6469.3527
       378001097000022        1097         378       52087.556
       388000049014916          49         388       21476.476
       388000049014916          49         388       21476.476
       388000049014916          49         388       21476.476
       388000049018782          49         388       21476.476
       388000049018782          49         388       21476.476
       388000049018782          49         388       21476.476
       388000049018782          49         388       21476.476
       388000049029894          49         388       21476.476
       388000049029894          49         388       21476.476
       388000049014916          49         388       21476.476
       388000049036826          49         388       21476.476
       388000049035158          49         388       21476.476
       388000049035158          49         388       21476.476
       388000049053813          49         388       21476.476
       388000049045130          49         388       21476.476
       388000049041163          49         388       21476.476
       388000049041082          49         388       21476.476
       388000049016795          49         388       21476.476
       388000049016795          49         388       21476.476
       388000049016795          49         388       21476.476
       388000049016795          49         388       21476.476
       388000049016663          49         388       21476.476
       388000049016663          49         388       21476.476
       388000049016663          49         388       21476.476
       388000049016663          49         388       21476.476
       388000049032984          49         388       21476.476
       388000049032984          49         388       21476.476
       388000049032984          49         388       21476.476
       388000049030226          49         388       21476.476
       388000049030226          49         388       21476.476
       388000049030226          49         388       21476.476
       388000049030226          49         388       21476.476
       388000049030125          49         388       21476.476
       388000049030125          49         388       21476.476
       388000049030125          49         388       21476.476
       388000049030125          49         388       21476.476
       388000049030031          49         388       21476.476
       388000049030031          49         388       21476.476
       388000049030031          49         388       21476.476
       388000049030031          49         388       21476.476
       388000049025938          49         388       21476.476
       388000049025938          49         388       21476.476
       388000049025938          49         388       21476.476
       388000049025938          49         388       21476.476
       388000049025917          49         388       21476.476
       388000049025917          49         388       21476.476
       388000049025917          49         388       21476.476
       388000049025917          49         388       21476.476
       388000049025851          49         388       21476.476
       388000049025851          49         388       21476.476
       388000049025851          49         388       21476.476
       388000049025851          49         388       21476.476
       388000049013820          49         388       21476.476
       388000049013820          49         388       21476.476
       388000049013820          49         388       21476.476
       388000049013820          49         388       21476.476
       388000049013774          49         388       21476.476
       388000049013774          49         388       21476.476
       388000049013774          49         388       21476.476
       388000049013774          49         388       21476.476
       388000049013804          49         388       21476.476
       388000049013804          49         388       21476.476
       388000049013804          49         388       21476.476
       388000049013804          49         388       21476.476
       388000049013699          49         388       21476.476
       388000049013699          49         388       21476.476
       388000049013699          49         388       21476.476
       388000049013699          49         388       21476.476
       388000049032833          49         388       21476.476
       388000049032833          49         388       21476.476
       388000049032833          49         388       21476.476
       388000049029894          49         388       21476.476
       388000049029894          49         388       21476.476
       388000049013620          49         388       6671.1108
       388000049013620          49         388       6671.1108
       388000049013620          49         388       6671.1108
       388000049013620          49         388       6671.1108
       388000049013609          49         388       6671.1108
       388000049013609          49         388       6671.1108
       388000049013609          49         388       6671.1108
       388000049013609          49         388       6671.1108
       388000049013596          49         388       6671.1108
       388000049013596          49         388       6671.1108
       388000049013596          49         388       6671.1108
       388000049013596          49         388       6671.1108
       388000049014858          49         388       6671.1108
       388000049014858          49         388       6671.1108
       388000049014858          49         388       6671.1108
       388000049014908          49         388       6671.1108
       388000049014908          49         388       6671.1108
       388000049014908          49         388       6671.1108
       388000049014930          49         388       6671.1108
       388000049014930          49         388       6671.1108
       388000049014930          49         388       6671.1108
       388000049014976          49         388       6671.1108
       388000049014833          49         388       6671.1108
       388000049014833          49         388       6671.1108
       388000049014833          49         388       6671.1108
       388000049014837          49         388       6671.1108
       388000049014839          49         388       6671.1108
       388000049014839          49         388       6671.1108
       388000049014839          49         388       6671.1108
       388000049014819          49         388       6671.1108
       388000049014819          49         388       6671.1108
       388000049014819          49         388       6671.1108
       388000049014819          49         388       6671.1108
       388000049026006          49         388       6671.1108
       388000049026006          49         388       6671.1108
       388000049026006          49         388       6671.1108
       388000049026006          49         388       6671.1108
       388000049025725          49         388       6671.1108
       388000049025725          49         388       6671.1108
       388000049025725          49         388       6671.1108
       388000049025725          49         388       6671.1108
       388000049036875          49         388       6671.1108
       388000049014959          49         388       6671.1108
       388000049014959          49         388       6671.1108
       388000049014943          49         388       6671.1108
       388000049014943          49         388       6671.1108
       388000049014943          49         388       6671.1108
       388000049014943          49         388       6671.1108
       388000049014959          49         388       6671.1108
       388000049014959          49         388       6671.1108
       388000049042981          49         388       6671.1108
       388000049030009          49         388       6671.1108
       388000049030009          49         388       6671.1108
       388000049030000          49         388       6671.1108
       388000049029947          49         388       6671.1108
       388000049029913          49         388       6671.1108
       388000049029852          49         388       6671.1108
       388000049029852          49         388       6671.1108
       388000049029852          49         388       6671.1108
       388000049029852          49         388       6671.1108
       388000049029839          49         388       6671.1108
       388000049029839          49         388       6671.1108
       388000049029839          49         388       6671.1108
       388000049025779          49         388       6671.1108
       388000049025779          49         388       6671.1108
       388000049025779          49         388       6671.1108
       388000049025700          49         388       6671.1108
       388000049025700          49         388       6671.1108
       388000049025700          49         388       6671.1108
       388000049018700          49         388       6671.1108
       388000049018700          49         388       6671.1108
       388000049018700          49         388       6671.1108
       388000049018700          49         388       6671.1108
       388000049016789          49         388       6671.1108
       388000049016789          49         388       6671.1108
       388000049016789          49         388       6671.1108
       388000049016789          49         388       6671.1108
       388000049016769          49         388       6671.1108
       388000049016769          49         388       6671.1108
       388000049016769          49         388       6671.1108
       388000049016769          49         388       6671.1108
       388000049016754          49         388       6671.1108
       388000049016754          49         388       6671.1108
       388000049016754          49         388       6671.1108
       388000049016754          49         388       6671.1108
       388000049016696          49         388       6671.1108
       388000049016696          49         388       6671.1108
       388000049016696          49         388       6671.1108
       388000049016696          49         388       6671.1108
       388000049025659          49         388       6671.1108
       388000049025659          49         388       6671.1108
       388000049025659          49         388       6671.1108
       388000049016623          49         388       6671.1108
       388000049016623          49         388       6671.1108
       388000049016623          49         388       6671.1108
       388000049016623          49         388       6671.1108
       388000049014976          49         388       6671.1108
       388000049014930          49         388       6671.1108
       388000049014908          49         388       6671.1108
       388000049014858          49         388       6671.1108
       388000049014839          49         388       6671.1108
       388000049014833          49         388       6671.1108
       388000049014837          49         388       6671.1108
       388000049014837          49         388       6671.1108
       388000049014837          49         388       6671.1108
       388000049016609          49         388       6671.1108
       388000049016609          49         388       6671.1108
       388000049016609          49         388       6671.1108
       388000049016609          49         388       6671.1108
       388000049029811          49         388       6671.1108
       388000049029811          49         388       6671.1108
       388000049029811          49         388       6671.1108
       388000049029811          49         388       6671.1108
       388000049035081          49         388       6469.3527
       388000049014800          49         388       6469.3527
       388000049014800          49         388       6469.3527
       388000049014800          49         388       6469.3527
       388000049025650          49         388       6469.3527
       388000049016640          49         388       6469.3527
       388000049016640          49         388       6469.3527
       388000049016640          49         388       6469.3527
       388000049016640          49         388       6469.3527
       388000049014855          49         388       6469.3527
       388000049014855          49         388       6469.3527
       388000049014855          49         388       6469.3527
       388000049014853          49         388       6469.3527
       388000049014853          49         388       6469.3527
       388000049014853          49         388       6469.3527
       388000049014793          49         388       6469.3527
       388000049014793          49         388       6469.3527
       388000049014793          49         388       6469.3527
       388000049014793          49         388       6469.3527
       388000049014789          49         388       6469.3527
       388000049014789          49         388       6469.3527
       388000049014789          49         388       6469.3527
       388000049014789          49         388       6469.3527
       388000049016655          49         388       6469.3527
       388000049016655          49         388       6469.3527
       388000049016655          49         388       6469.3527
       388000049016655          49         388       6469.3527
       388000049016645          49         388       6469.3527
       388000049016645          49         388       6469.3527
       388000049016645          49         388       6469.3527
       388000049016645          49         388       6469.3527
       388000049025674          49         388       6469.3527
       388000049025674          49         388       6469.3527
       388000049025674          49         388       6469.3527
       388000049000022          49         388      0.50000000
       388000049000022          49         388      0.50000000
       388000049000022          49         388      0.50000000
       388000049000022          49         388      0.50000000
       388000049013641          49         388       6469.3527
       388000049013641          49         388       6469.3527
       388000049013641          49         388       6469.3527
       388000049013641          49         388       6469.3527
       388000049013629          49         388       6469.3527
       388000049013629          49         388       6469.3527
       388000049013629          49         388       6469.3527
       388000049013629          49         388       6469.3527
       388000049013592          49         388       6469.3527
       388000049013592          49         388       6469.3527
       388000049013592          49         388       6469.3527
       388000049013592          49         388       6469.3527
       388000049014800          49         388       6469.3527
       388000049014811          49         388       6469.3527
       388000049014811          49         388       6469.3527
       388000049014811          49         388       6469.3527
       388000049014811          49         388       6469.3527
       388000049014827          49         388       6469.3527
       388000049014827          49         388       6469.3527
       388000049014827          49         388       6469.3527
       388000049014827          49         388       6469.3527
       388000049014853          49         388       6469.3527
       388000049014855          49         388       6469.3527
       388000049013818          49         388       6469.3527
       388000049013818          49         388       6469.3527
       388000049013818          49         388       6469.3527
       388000049013818          49         388       6469.3527
       388000049013801          49         388       6469.3527
       388000049013801          49         388       6469.3527
       388000049013801          49         388       6469.3527
       388000049013801          49         388       6469.3527
       388000049013728          49         388       6469.3527
       388000049013728          49         388       6469.3527
       388000049013728          49         388       6469.3527
       388000049013728          49         388       6469.3527
       388000049013650          49         388       6469.3527
       388000049013650          49         388       6469.3527
       388000049013650          49         388       6469.3527
       388000049013650          49         388       6469.3527
       388000049025650          49         388       6469.3527
       388000049025650          49         388       6469.3527
       388000049025650          49         388       6469.3527
       388000049025674          49         388       6469.3527
       388000049016688          49         388       6469.3527
       388000049016688          49         388       6469.3527
       388000049016688          49         388       6469.3527
       388000049016688          49         388       6469.3527
       388000049016707          49         388       6469.3527
       388000049016707          49         388       6469.3527
       388000049016707          49         388       6469.3527
       388000049016707          49         388       6469.3527
       388000049018651          49         388       6469.3527
       388000049018651          49         388       6469.3527
       388000049018651          49         388       6469.3527
       388000049018651          49         388       6469.3527
       388000049053789          49         388       6469.3527
       388000049055544          49         388       6469.3527
       388000049058662          49         388       6469.3527
       388000049036757          49         388       6469.3527
       388000049036795          49         388       6469.3527
       388000049042998          49         388       6469.3527
       388000049046676          49         388       6469.3527
       388000049033061          49         388       6469.3527
       388000049033061          49         388       6469.3527
       388000049033061          49         388       6469.3527
       388000049035081          49         388       6469.3527
       388000049035118          49         388       6469.3527
       388000049035118          49         388       6469.3527
       388000049013649          49         388       6671.1108
       388000049013649          49         388       6671.1108
       388000049013649          49         388       6671.1108
       388000049013649          49         388       6671.1108
       388000049013773          49         388       6671.1108
       388000049013773          49         388       6671.1108
       388000049013773          49         388       6671.1108
       388000049013773          49         388       6671.1108
       388000049013754          49         388       6671.1108
       388000049013754          49         388       6671.1108
       388000049013754          49         388       6671.1108
       388000049013754          49         388       6671.1108
       388000049013742          49         388       6671.1108
       388000049013742          49         388       6671.1108
       388000049013742          49         388       6671.1108
       388000049013742          49         388       6671.1108
       388000049013693          49         388       6671.1108
       388000049013693          49         388       6671.1108
       388000049013693          49         388       6671.1108
       388000049013693          49         388       6671.1108
       388000049013684          49         388       6671.1108
       388000049013684          49         388       6671.1108
       388000049013684          49         388       6671.1108
       388000049013684          49         388       6671.1108
       388000049013669          49         388       6671.1108
       388000049013669          49         388       6671.1108
       388000049013669          49         388       6671.1108
       388000049013669          49         388       6671.1108
       388000049013665          49         388       6671.1108
       388000049013665          49         388       6671.1108
       388000049013665          49         388       6671.1108
       388000049013665          49         388       6671.1108
       388000049013656          49         388       6671.1108
       388000049013656          49         388       6671.1108
       388000049013656          49         388       6671.1108
       388000049013656          49         388       6671.1108
       388000049013717          49         388       6671.1108
       388000049013717          49         388       6671.1108
       388000049013717          49         388       6671.1108
       388000049013717          49         388       6671.1108
       388000049013710          49         388       6671.1108
       388000049013710          49         388       6671.1108
       388000049013710          49         388       6671.1108
       388000049013710          49         388       6671.1108
       388000049013703          49         388       6671.1108
       388000049013703          49         388       6671.1108
       388000049013703          49         388       6671.1108
       388000049013703          49         388       6671.1108
       388000049013787          49         388       6671.1108
       388000049013787          49         388       6671.1108
       388000049013787          49         388       6671.1108
       388000049013787          49         388       6671.1108
       388000049014976          49         388       6671.1108
       388000049014976          49         388       6671.1108
       388000049015041          49         388       6671.1108
       388000049015041          49         388       6671.1108
       388000049015041          49         388       6671.1108
       388000049015041          49         388       6671.1108
       388000049032854          49         388       6671.1108
       388000049032854          49         388       6671.1108
       388000049032854          49         388       6671.1108
       388000049032881          49         388       6671.1108
       388000049032881          49         388       6671.1108
       388000049032881          49         388       6671.1108
       388000049032913          49         388       6671.1108
       388000049032913          49         388       6671.1108
       388000049032913          49         388       6671.1108
       388000049032929          49         388       6671.1108
       388000049032929          49         388       6671.1108
       388000049032929          49         388       6671.1108
       388000049032997          49         388       6671.1108
       388000049032997          49         388       6671.1108
       388000049032997          49         388       6671.1108
       388000049033014          49         388       6671.1108
       388000049033014          49         388       6671.1108
       388000049033014          49         388       6671.1108
       388000049033025          49         388       6671.1108
       388000049033025          49         388       6671.1108
       388000049033025          49         388       6671.1108
       388000049036750          49         388       6671.1108
       388000049032818          49         388       6671.1108
       388000049032818          49         388       6671.1108
       388000049032818          49         388       6671.1108
       388000049034982          49         388       6671.1108
       388000049034982          49         388       6671.1108
       388000049035002          49         388       6671.1108
       388000049035002          49         388       6671.1108
       388000049035031          49         388       6671.1108
       388000049035031          49         388       6671.1108
       388000049051200          49         388       6671.1108
       388000049043018          49         388       6671.1108
       388000049036849          49         388       6671.1108
       388000049038581          49         388       6671.1108
       388000049038620          49         388       6671.1108
       388000049038650          49         388       6671.1108
       388000049041134          49         388       6671.1108
       388000049059863          49         388       6671.1108
       388000049057320          49         388       6671.1108
       388000049018673          49         388       6671.1108
       388000049018673          49         388       6671.1108
       388000049018673          49         388       6671.1108
       388000049018673          49         388       6671.1108
       388000049018688          49         388       6671.1108
       388000049018688          49         388       6671.1108
       388000049018688          49         388       6671.1108
       388000049018688          49         388       6671.1108
       388000049018728          49         388       6671.1108
       388000049018728          49         388       6671.1108
       388000049018728          49         388       6671.1108
       388000049018728          49         388       6671.1108
       388000049018772          49         388       6671.1108
       388000049018772          49         388       6671.1108
       388000049018772          49         388       6671.1108
       388000049018772          49         388       6671.1108
       388000049025620          49         388       6671.1108
       388000049025620          49         388       6671.1108
       388000049025620          49         388       6671.1108
       388000049025620          49         388       6671.1108
       388000049025627          49         388       6671.1108
       388000049025627          49         388       6671.1108
       388000049025627          49         388       6671.1108
       388000049025627          49         388       6671.1108
       388000049029913          49         388       6671.1108
       388000049029913          49         388       6671.1108
       388000049029913          49         388       6671.1108
       388000049029947          49         388       6671.1108
       388000049029947          49         388       6671.1108
       388000049029947          49         388       6671.1108
       388000049029987          49         388       6671.1108
       388000049029987          49         388       6671.1108
       388000049029987          49         388       6671.1108
       388000049029987          49         388       6671.1108
       388000049030000          49         388       6671.1108
       388000049030000          49         388       6671.1108
       388000049030000          49         388       6671.1108
       388000049030009          49         388       6671.1108
       388000049030009          49         388       6671.1108
       388000049030049          49         388       6671.1108
       388000049030049          49         388       6671.1108
       388000049030049          49         388       6671.1108
       388000049030049          49         388       6671.1108
       388000049030061          49         388       6671.1108
       388000049030061          49         388       6671.1108
       388000049030061          49         388       6671.1108
       388000049030061          49         388       6671.1108
       388000049030115          49         388       6671.1108
       388000049030115          49         388       6671.1108
       388000049030115          49         388       6671.1108
       388000049030115          49         388       6671.1108
       388000049030154          49         388       6671.1108
       388000049030154          49         388       6671.1108
       388000049030154          49         388       6671.1108
       388000049030154          49         388       6671.1108
       388000049030165          49         388       6671.1108
       388000049030165          49         388       6671.1108
       388000049030165          49         388       6671.1108
       388000049030165          49         388       6671.1108
       388000049032698          49         388       6671.1108
       388000049032698          49         388       6671.1108
       388000049032698          49         388       6671.1108
       388000049032716          49         388       6671.1108
       388000049032716          49         388       6671.1108
       388000049032716          49         388       6671.1108
       388000049032775          49         388       6671.1108
       388000049032775          49         388       6671.1108
       388000049032775          49         388       6671.1108
       388000049025700          49         388       6671.1108
       388000049025779          49         388       6671.1108
       388000049029839          49         388       6671.1108
       388000049025659          49         388       6671.1108
       388000049032793          49         388       104118.43
       388000049032793          49         388       104118.43
       388000049032793          49         388       104118.43
       388000049033091          49         388       73295.722
       388000049033091          49         388       73295.722
       388000049033091          49         388       73295.722
       388009870000499        9870         388       6671.1108
       388009870000022        9870         388       10261.200
       390010681003662       10681         390       21476.476
       390010681003681       10681         390       21476.476
       390010681010894       10681         390       21476.476
       390010681006794       10681         390       21476.476
       390010681008569       10681         390       6671.1108
       390010681008586       10681         390       6671.1108
       390010681011578       10681         390       6671.1108
       390010681006732       10681         390       6671.1108
       390010681006775       10681         390       6671.1108
       390010681006810       10681         390       6671.1108
       390010681006827       10681         390       6671.1108
       390010681007281       10681         390       6671.1108
       390010681007316       10681         390       6671.1108
       390010681005165       10681         390       6671.1108
       390010681005173       10681         390       6671.1108
       390010681005184       10681         390       6671.1108
       390010681006228       10681         390       6671.1108
       390010681006238       10681         390       6671.1108
       390010681006253       10681         390       6671.1108
       390010681003689       10681         390       6671.1108
       390010681004508       10681         390       6671.1108
       390010681004524       10681         390       6671.1108
       390010681004536       10681         390       6671.1108
       390010681005128       10681         390       6671.1108
       390010681010053       10681         390       6671.1108
       390010681003626       10681         390       6671.1108
       390010681003636       10681         390       6671.1108
       390010681003647       10681         390       6671.1108
       390010681003654       10681         390       6671.1108
       390010681010036       10681         390       6469.3527
       390010681005153       10681         390       6469.3527
       390010681006278       10681         390       6469.3527
       390010681006287       10681         390       6469.3527
       390010681007324       10681         390       6469.3527
       390010681007344       10681         390       6469.3527
       390010681007821       10681         390       6469.3527
       390010681000022       10681         390       14.714286
       400007084000022        7084         400       73295.722
       402019775000022       19775         402       52087.556
       407001415000022        1415         407       52087.556
       408000500000653         500         408       72146.182
       409000408000022         408         409       39333.286
       421007983000022        7983         421       72146.182
       433000430000022         430         433       52087.556
       433000430000072         430         433       6469.3527
       435000126012681         126         435       1737.7500
       435001009000022        1009         435       72146.182
       436000075003717          75         436       21476.476
       436000075005186          75         436       21476.476
       436000075007616          75         436       6671.1108
       436000075003918          75         436       6671.1108
       436000075003916          75         436       6671.1108
       436000075003906          75         436       6671.1108
       436000075007598          75         436       6671.1108
       436000075007085          75         436       6671.1108
       436000075005469          75         436       6671.1108
       436000075004792          75         436       6671.1108
       436000075004551          75         436       6671.1108
       436000075000022          75         436       60.714286
       436000075003927          75         436       6469.3527
       436000075003670          75         436       6469.3527
       436000075003693          75         436       6469.3527
       436000075004775          75         436       6469.3527
       436000075003677          75         436       6671.1108
       436000075003702          75         436       6671.1108
       437005150001632        5150         437       6671.1108
       437005150001633        5150         437       6671.1108
       437005150001653        5150         437       6671.1108
       437005150002970        5150         437       6671.1108
       437005150001669        5150         437       6469.3527
       437005150005995        5150         437       6469.3527
       437005150001631        5150         437       6469.3527
       437005150003555        5150         437       6469.3527
       437005150004863        5150         437       6469.3527
       437005150000022        5150         437       60.714286
       437005150005747        5150         437       6469.3527
       437005150004024        5150         437       6671.1108
       437005150004005        5150         437       6671.1108
       437005150003413        5150         437       6671.1108
       437005150008456        5150         437       6671.1108
       437005150007627        5150         437       6671.1108
       438003511000022        3511         438       73295.722
       440001384000022        1384         440       72146.182
       443000222000022         222         443       15229.667
       443000222000359         222         443       6671.1108
       443000222000187         222         443       6671.1108
       446001959000022        1959         446       21476.476
       449001459000500        1459         449       6671.1108
       449001459002907        1459         449       6671.1108
       449001459001624        1459         449       6671.1108
       449001459000552        1459         449       6469.3527
       449001459001450        1459         449       6469.3527
       449001459001608        1459         449       6469.3527
       449002724000022        2724         449       52087.556
       449003396000022        3396         449       73295.722
       449004608000022        4608         449       73295.722
       464001504001181        1504         464       21476.476
       464001504000565        1504         464       21476.476
       464001504000022        1504         464       1737.7500
       465001633004151        1633         465       6469.3527
       465001633000022        1633         465       139.44444
       465001633002572        1633         465       6671.1108
       465001633002712        1633         465       6671.1108
       465001633002723        1633         465       6671.1108
       465001633003932        1633         465       6671.1108
       465001633002858        1633         465       6671.1108
       468001481003140        1481         468       6671.1108
       468001481003412        1481         468       6671.1108
       468001481003400        1481         468       6671.1108
       468001481004330        1481         468       21476.476
       468001481002966        1481         468       6671.1108
       468001481002977        1481         468       6671.1108
       468001481003136        1481         468       6671.1108
       468001481003430        1481         468       6671.1108
       468001481004515        1481         468       6671.1108
       468001481004525        1481         468       6671.1108
       468001481000022        1481         468       139.44444
       468001481005050        1481         468       6469.3527
       469003334001298        3334         469       6469.3527
       469003334000022        3334         469       139.44444
       469003334001527        3334         469       6671.1108
       469003334001587        3334         469       21476.476
       469003334001518        3334         469       21476.476
       469003334003040        3334         469       6671.1108
       469003334001987        3334         469       6671.1108
       469007413000022        7413         469       21476.476
       479002343010743        2343         479       21476.476
       479002343013871        2343         479       21476.476
       479002343011762        2343         479       21476.476
       479002343011824        2343         479       21476.476
       479002343039532        2343         479       21476.476
       479002343029790        2343         479       21476.476
       479002343019395        2343         479       21476.476
       479002343013888        2343         479       21476.476
       479002343012801        2343         479       21476.476
       479002343011818        2343         479       21476.476
       479002343014870        2343         479       6671.1108
       479002343014860        2343         479       6671.1108
       479002343012821        2343         479       6671.1108
       479002343012763        2343         479       6671.1108
       479002343012741        2343         479       6671.1108
       479002343012715        2343         479       6671.1108
       479002343011685        2343         479       6671.1108
       479002343011671        2343         479       6671.1108
       479002343016646        2343         479       6671.1108
       479002343011809        2343         479       6671.1108
       479002343037600        2343         479       6671.1108
       479002343018523        2343         479       6671.1108
       479002343019317        2343         479       6671.1108
       479002343014827        2343         479       6671.1108
       479002343016668        2343         479       6469.3527
       479002343017654        2343         479       6469.3527
       479002343017678        2343         479       6469.3527
       479002343017691        2343         479       6469.3527
       479002343017663        2343         479       6671.1108
       479002343019357        2343         479       6671.1108
       479002343021294        2343         479       6671.1108
       479002343021312        2343         479       6671.1108
       479002343022401        2343         479       6671.1108
       479002343023622        2343         479       6671.1108
       479002343026764        2343         479       6671.1108
       479002343029817        2343         479       6671.1108
       479002343010757        2343         479       6671.1108
       479002343010769        2343         479       6671.1108
       479002343010772        2343         479       6671.1108
       479002343012731        2343         479       6671.1108
       479002343013793        2343         479       6671.1108
       479002343013843        2343         479       6671.1108
       479002343011709        2343         479       6671.1108
       479002343011719        2343         479       6671.1108
       479002343011736        2343         479       6671.1108
       479002343010803        2343         479       6671.1108
       479002343010817        2343         479       6671.1108
       479002343010829        2343         479       6671.1108
       479002343010833        2343         479       6671.1108
       479002343010785        2343         479       6671.1108
       479002343010786        2343         479       6671.1108
       479002343010789        2343         479       6671.1108
       479002343010737        2343         479       6671.1108
       479002343010741        2343         479       6671.1108
       479002343000022        2343         479       4.7500000
       479002343012727        2343         479       6469.3527
       479002343019369        2343         479       6469.3527
       479002343041641        2343         479       6469.3527
       479002343010778        2343         479       6469.3527
       479002343010797        2343         479       6469.3527
       479002343010848        2343         479       6469.3527
       479002343011706        2343         479       6469.3527
       479002343011743        2343         479       6469.3527
       479002343014844        2343         479       6469.3527
       479002343011779        2343         479       6469.3527
       497003425020441        3425         497       6469.3527
       497003425019430        3425         497       6469.3527
       497003425029789        3425         497       6469.3527
       497003425016845        3425         497       6469.3527
       497003425016891        3425         497       6469.3527
       497003425031178        3425         497       6469.3527
       497003425021486        3425         497       6469.3527
       497003425024535        3425         497       6469.3527
       497003425024578        3425         497       6469.3527
       497003425008552        3425         497       4.7500000
       497003425016836        3425         497       6671.1108
       497003425016848        3425         497       6671.1108
       497003425016865        3425         497       6671.1108
       497003425016877        3425         497       6671.1108
       497003425016931        3425         497       6671.1108
       497003425016948        3425         497       6671.1108
       497003425017005        3425         497       6671.1108
       497003425017689        3425         497       6671.1108
       497003425017712        3425         497       6671.1108
       497003425017733        3425         497       6671.1108
       497003425017751        3425         497       6671.1108
       497003425017763        3425         497       6671.1108
       497003425017768        3425         497       6671.1108
       497003425017782        3425         497       6671.1108
       497003425019441        3425         497       6671.1108
       497003425019465        3425         497       6671.1108
       497003425019485        3425         497       6671.1108
       497003425015865        3425         497       6671.1108
       497003425017698        3425         497       6469.3527
       497003425026529        3425         497       6469.3527
       497003425032239        3425         497       6469.3527
       497003425032293        3425         497       6469.3527
       497003425015903        3425         497       6469.3527
       497003425015858        3425         497       6469.3527
       497003425022409        3425         497       6671.1108
       497003425022423        3425         497       6671.1108
       497003425022443        3425         497       6671.1108
       497003425023608        3425         497       6671.1108
       497003425025442        3425         497       6671.1108
       497003425027657        3425         497       6671.1108
       497003425028840        3425         497       6671.1108
       497003425015894        3425         497       6671.1108
       497003425026567        3425         497       6671.1108
       497003425026497        3425         497       6671.1108
       497003425019434        3425         497       6671.1108
       497003425029803        3425         497       21476.476
       497003425015915        3425         497       21476.476
       497003425015872        3425         497       21476.476
       497003425015902        3425         497       21476.476
       497003425016962        3425         497       21476.476
       497003425021493        3425         497       21476.476
       497003425016979        3425         497       21476.476
       497003425016989        3425         497       21476.476
       497003425016896        3425         497       21476.476
       497003425020480        3425         497       104118.43
       502002161003004        2161         502       21476.476
       502002161003738        2161         502       6671.1108
       502002161004001        2161         502       6671.1108
       502002161003507        2161         502       6671.1108
       502002161002318        2161         502       6671.1108
       502002161002116        2161         502       6671.1108
       502002161002309        2161         502       6671.1108
       502002161002453        2161         502       6469.3527
       502002161005065        2161         502       6469.3527
       502002161005482        2161         502       6671.1108
       502002161002470        2161         502       6671.1108
       502002161004725        2161         502       6671.1108
       502002161000022        2161         502       139.44444
       502002161002107        2161         502       6469.3527
       502002161003491        2161         502       6469.3527
       504012526000253       12526         504       6671.1108
       504012526000605       12526         504       6671.1108
       504012526000022       12526         504       6871.2500
       508000136004601         136         508       10261.200
