        1474
              88000025          88           0       4993.0000
              88000272          88           0       18702.826
              88000336          88           0       18702.826
         3001252000049        1252           3       6831.0538
         3001252000025        1252           3       58751.568
         7000207000025         207           7       16586.667
         9000813000025         813           9       58751.568
        10000721000025         721          10       50364.889
        12000052003596          52          12       18702.826
        12000052004190          52          12       18702.826
        12000052004218          52          12       18702.826
        12000052007151          52          12       18702.826
        12000052018493          52          12       68581.789
        12000052004229          52          12       68581.789
        12000052006110          52          12       18702.826
        12000052005073          52          12       6831.0538
        12000052005084          52          12       6831.0538
        12000052005093          52          12       6831.0538
        12000052003576          52          12       6831.0538
        12000052003584          52          12       6831.0538
        12000052005147          52          12       6831.0538
        12000052005159          52          12       6831.0538
        12000052005173          52          12       6831.0538
        12000052005657          52          12       6831.0538
        12000052005134          52          12       6831.0538
        12000052010580          52          12       6831.0538
        12000052018432          52          12       6831.0538
        12000052003620          52          12       6831.0538
        12000052004142          52          12       6831.0538
        12000052004151          52          12       6831.0538
        12000052004167          52          12       6831.0538
        12000052004185          52          12       6831.0538
        12000052006090          52          12       6831.0538
        12000052006504          52          12       6831.0538
        12000052006796          52          12       6831.0538
        12000052002664          52          12       6831.0538
        12000052002663          52          12       6831.0538
        12000052002683          52          12       6831.0538
        12000052002679          52          12       6831.0538
        12000052003608          52          12       5713.8845
        12000052006861          52          12       5713.8845
        12000052007175          52          12       5713.8845
        12000052005109          52          12       5713.8845
        12000052005142          52          12       5713.8845
        12000052004790          52          12       5713.8845
        12000052002693          52          12       5713.8845
        12000052002674          52          12       5713.8845
        12000052002661          52          12       5713.8845
        12000052006126          52          12       5713.8845
        12000052006414          52          12       5713.8845
        12000052005664          52          12       5713.8845
        12000052006852          52          12       5713.8845
        12000052000025          52          12       57.916667
        12000052024740          52          12       5713.8845
        13000060000209          60          13       5713.8845
        13000060000025          60          13       4993.0000
        18003474000072        3474          18       5713.8845
        18003474000025        3474          18       58751.568
        20006696000025        6696          20       32777.250
        20007503000025        7503          20       55371.143
        23003330005375        3330          23       18702.826
        23003330005338        3330          23       18702.826
        23003330008734        3330          23       18702.826
        23003330011787        3330          23       18702.826
        23003330011912        3330          23       18702.826
        23003330036072        3330          23       58751.568
        23003330011779        3330          23       5713.8845
        23003330012584        3330          23       5713.8845
        23003330015633        3330          23       5713.8845
        23003330016774        3330          23       5713.8845
        23003330027185        3330          23       5713.8845
        23003330034541        3330          23       5713.8845
        23003330005309        3330          23       5713.8845
        23003330005329        3330          23       5713.8845
        23003330007890        3330          23       5713.8845
        23003330007846        3330          23       5713.8845
        23003330008700        3330          23       5713.8845
        23003330009179        3330          23       5713.8845
        23003330009192        3330          23       5713.8845
        23003330007354        3330          23       5713.8845
        23003330007372        3330          23       5713.8845
        23003330007408        3330          23       5713.8845
        23003330010103        3330          23       5713.8845
        23003330011045        3330          23       5713.8845
        23003330011052        3330          23       5713.8845
        23003330029287        3330          23       5713.8845
        23003330000025        3330          23       12.333333
        23003330013569        3330          23       5713.8845
        23003330009200        3330          23       6831.0538
        23003330009219        3330          23       6831.0538
        23003330010044        3330          23       6831.0538
        23003330010072        3330          23       6831.0538
        23003330008720        3330          23       6831.0538
        23003330007856        3330          23       6831.0538
        23003330007863        3330          23       6831.0538
        23003330007896        3330          23       6831.0538
        23003330007910        3330          23       6831.0538
        23003330008692        3330          23       6831.0538
        23003330007306        3330          23       6831.0538
        23003330007310        3330          23       6831.0538
        23003330007319        3330          23       6831.0538
        23003330007325        3330          23       6831.0538
        23003330007827        3330          23       6831.0538
        23003330007832        3330          23       6831.0538
        23003330005330        3330          23       6831.0538
        23003330005345        3330          23       6831.0538
        23003330005360        3330          23       6831.0538
        23003330005312        3330          23       6831.0538
        23003330005325        3330          23       6831.0538
        23003330040897        3330          23       6831.0538
        23003330008756        3330          23       6831.0538
        23003330008763        3330          23       6831.0538
        23003330009159        3330          23       6831.0538
        23003330007395        3330          23       18702.826
        23003330010111        3330          23       18702.826
        23003330029327        3330          23       6831.0538
        23003330037112        3330          23       6831.0538
        23003330039776        3330          23       6831.0538
        23003330012646        3330          23       6831.0538
        23003330009231        3330          23       6831.0538
        23003330007343        3330          23       6831.0538
        23003330007378        3330          23       6831.0538
        23003330007386        3330          23       6831.0538
        23003330027231        3330          23       6831.0538
        23003330027258        3330          23       6831.0538
        27002713000039        2713          27       5713.8845
        27002713000025        2713          27       58751.568
        31000109000737         109          31       5756.2500
        39000067000025          67          39       1613.2857
        39000067000437          67          39       5713.8845
        39000067000439          67          39       6831.0538
        39000067000484          67          39       6831.0538
        39000067000487          67          39       6831.0538
        39000067000795          67          39       6831.0538
        39000068001051          68          39       6831.0538
        39000068000790          68          39       6831.0538
        39000068000806          68          39       6831.0538
        39000068000025          68          39       4993.0000
        39000068000500          68          39       5713.8845
        39000068000818          68          39       5713.8845
        39000068000445          68          39       6831.0538
        46003154000025        3154          46       50364.889
        60004544000025        4544          60       58751.568
        65000036001869          36          65       18702.826
        65000036001511          36          65       6831.0538
        65000036001525          36          65       6831.0538
        65000036002259          36          65       6831.0538
        65000036002554          36          65       6831.0538
        65000036002246          36          65       5713.8845
        65000036000025          36          65       866.83333
        65000036001237          36          65       5713.8845
        65000036001353          36          65       6831.0538
        65000036001125          36          65       6831.0538
        65000036001231          36          65       6831.0538
        69009433000025        9433          69       50364.889
        71000086000927          86          71       6831.0538
        71000086001121          86          71       6831.0538
        71000086000603          86          71       6831.0538
        71000086000619          86          71       6831.0538
        71000086000627          86          71       5713.8845
        71000086000025          86          71       866.83333
        71000086000767          86          71       6831.0538
        71000086000779          86          71       6831.0538
        71000086000916          86          71       6831.0538
        71000086000934          86          71       6831.0538
        71000086001505          86          71       6831.0538
        72002648000025        2648          72       18702.826
        73000064002134          64          73       6831.0538
        73000064002534          64          73       6831.0538
        73000064002782          64          73       6831.0538
        73000064003013          64          73       6831.0538
        73000064003222          64          73       6831.0538
        73000064003328          64          73       6831.0538
        73000064003684          64          73       6831.0538
        73000064001756          64          73       18702.826
        73000064001767          64          73       18702.826
        73000064000025          64          73       57.916667
        73000064001511          64          73       5713.8845
        73000064001741          64          73       6831.0538
        73000064003204          64          73       6831.0538
        73002004000025        2004          73       58751.568
        73004195000025        4195          73       6831.0538
        75003792000025        3792          75       5713.8845
        78000112003280         112          78       5713.8845
        78000112006414         112          78       5713.8845
        78000112006827         112          78       5713.8845
        78000112000025         112          78       57.916667
        78000112003341         112          78       5713.8845
        78000112002255         112          78       5713.8845
        78000112009646         112          78       5713.8845
        78000112002605         112          78       6831.0538
        78000112002613         112          78       6831.0538
        78000112007099         112          78       6831.0538
        78000112009621         112          78       6831.0538
        78000112003731         112          78       6831.0538
        78000112002092         112          78       6831.0538
        78000112002081         112          78       6831.0538
        78000112002073         112          78       6831.0538
        78000112002818         112          78       6831.0538
        78000112003292         112          78       6831.0538
        78000112003742         112          78       6831.0538
        78000112003750         112          78       6831.0538
        78000112003791         112          78       6831.0538
        78000112002629         112          78       18702.826
        78000112002095         112          78       18702.826
        81000008000025           8          81       6831.0538
        81000250000025         250          81       32777.250
        81010989000138       10989          81       58751.568
        83000081002555          81          83       58751.568
        83000081002531          81          83       18702.826
        83000081002935          81          83       6831.0538
        83000081002964          81          83       6831.0538
        83000081002991          81          83       6831.0538
        83000081005400          81          83       6831.0538
        83000081018143          81          83       6831.0538
        83000081019344          81          83       6831.0538
        83000081020536          81          83       6831.0538
        83000081006535          81          83       6831.0538
        83000081007211          81          83       6831.0538
        83000081007231          81          83       6831.0538
        83000081008420          81          83       6831.0538
        83000081010307          81          83       6831.0538
        83000081010334          81          83       6831.0538
        83000081011490          81          83       6831.0538
        83000081013259          81          83       6831.0538
        83000081002944          81          83       18702.826
        83000081011639          81          83       18702.826
        83000081009120          81          83       18702.826
        83000081002517          81          83       6831.0538
        83000081002501          81          83       6831.0538
        83000081002497          81          83       6831.0538
        83000081002489          81          83       6831.0538
        83000081002548          81          83       6831.0538
        83000081006089          81          83       6831.0538
        83000081006096          81          83       6831.0538
        83000081006108          81          83       6831.0538
        83000081006118          81          83       6831.0538
        83000081006140          81          83       6831.0538
        83000081006494          81          83       6831.0538
        83000081002937          81          83       6831.0538
        83000081002974          81          83       6831.0538
        83000081005386          81          83       6831.0538
        83000081011536          81          83       6831.0538
        83000081007170          81          83       6831.0538
        83000081007301          81          83       6831.0538
        83000081009160          81          83       6831.0538
        83000081010282          81          83       6831.0538
        83000081006543          81          83       6831.0538
        83000081006075          81          83       6831.0538
        83000081002486          81          83       5713.8845
        83000081006082          81          83       5713.8845
        83000081006521          81          83       5713.8845
        83000081016005          81          83       5713.8845
        83000081021596          81          83       5713.8845
        83000081000025          81          83       31.666667
        83000081006070          81          83       5713.8845
        83000081006505          81          83       5713.8845
        83000081009062          81          83       5713.8845
        83000081009096          81          83       5713.8845
        83000081006629          81          83       5713.8845
        83000081011469          81          83       5713.8845
        83000081011580          81          83       5713.8845
        83000081012352          81          83       5713.8845
        83000081013198          81          83       5713.8845
        83000081015938          81          83       5713.8845
        85020282000025       20282          85       55371.143
        89003706000025        3706          89       16586.667
        90000057000595          57          90       11857.714
        90001127051873        1127          90       5756.2500
        90001229000025        1229          90       4993.0000
        99000181000080         181          99       6831.0538
        99000181000025         181          99       32777.250
       108003428012812        3428         108       6831.0538
       108003428027873        3428         108       5713.8845
       108003428030397        3428         108       6831.0538
       112010220000025       10220         112       18702.826
       115000120000975         120         115       6831.0538
       115000120000146         120         115       866.83333
       115000120000769         120         115       18702.826
       118000333000862         333         118       58751.568
       126003958000025        3958         126       11857.714
       127019553000025       19553         127       18702.826
       134007749000025        7749         134       16586.667
       158006584000025        6584         158       58751.568
       161001847000025        1847         161       58751.568
       161001847000062        1847         161       6831.0538
       162000048056985          48         162       6831.0538
       162000048057138          48         162       6831.0538
       162000048057174          48         162       6831.0538
       162000048055911          48         162       866.83333
       168008679013252        8679         168       5756.2500
       170002895000025        2895         170       68581.789
       172000363003219         363         172       58751.568
       172000363000025         363         172       31.666667
       172000363003794         363         172       5713.8845
       172000363004273         363         172       5713.8845
       172000363004280         363         172       5713.8845
       172000363004825         363         172       5713.8845
       172000363007877         363         172       5713.8845
       172000363008432         363         172       5713.8845
       172000363003221         363         172       5713.8845
       172000363003763         363         172       6831.0538
       172000363004565         363         172       6831.0538
       172000363008472         363         172       6831.0538
       172000363008404         363         172       6831.0538
       172000363005163         363         172       6831.0538
       172000363005175         363         172       6831.0538
       172000363006229         363         172       6831.0538
       172000363006268         363         172       6831.0538
       172000363006286         363         172       6831.0538
       172000363006304         363         172       6831.0538
       172000363003204         363         172       6831.0538
       172000363003195         363         172       6831.0538
       172000363003180         363         172       6831.0538
       172000363003175         363         172       6831.0538
       172000363003165         363         172       6831.0538
       172000363003161         363         172       6831.0538
       172000363003149         363         172       6831.0538
       172000363003138         363         172       6831.0538
       172000363003122         363         172       6831.0538
       172000363003748         363         172       6831.0538
       172000363004300         363         172       18702.826
       172000363005195         363         172       18702.826
       172000363006318         363         172       18702.826
       172000363007124         363         172       18702.826
       172000363007172         363         172       18702.826
       172000363007889         363         172       18702.826
       172000363003767         363         172       6831.0538
       172000363003777         363         172       6831.0538
       172000363004285         363         172       6831.0538
       172000363003802         363         172       6831.0538
       172000363003822         363         172       6831.0538
       172000363004269         363         172       6831.0538
       172000363004863         363         172       6831.0538
       172000363004294         363         172       6831.0538
       172001627000025        1627         172       50364.889
       172005875000025        5875         172       5713.8845
       174000223000025         223         174       4993.0000
       178000416000025         416         178       55371.143
       179000584000025         584         179       32777.250
       182000213000025         213         182       11857.714
       182019302000025       19302         182       50364.889
       184000215000025         215         184       16586.667
       185015305000850       15305         185       6831.0538
       185015305000025       15305         185       1613.2857
       185015305000626       15305         185       5713.8845
       185015305000695       15305         185       6831.0538
       185015305000636       15305         185       6831.0538
       185015305000503       15305         185       6831.0538
       191000138000398         138         191       6831.0538
       191000138000025         138         191       1613.2857
       191000138000397         138         191       5713.8845
       191000138001076         138         191       6831.0538
       200016382000106       16382         200       5713.8845
       200016382000025       16382         200       32777.250
       204011686006670       11686         204       18702.826
       204011686006372       11686         204       18702.826
       204011686006406       11686         204       18702.826
       204011686006393       11686         204       18702.826
       204011686009796       11686         204       58751.568
       204011686006734       11686         204       68581.789
       204011686006337       11686         204       5713.8845
       204011686006330       11686         204       5713.8845
       204011686006323       11686         204       5713.8845
       204011686006320       11686         204       5713.8845
       204011686006368       11686         204       5713.8845
       204011686003203       11686         204       31.666667
       204011686007592       11686         204       5713.8845
       204011686006665       11686         204       5713.8845
       204011686009675       11686         204       5713.8845
       204011686006659       11686         204       5713.8845
       204011686006732       11686         204       5713.8845
       204011686006360       11686         204       6831.0538
       204011686006347       11686         204       6831.0538
       204011686006382       11686         204       6831.0538
       204011686007603       11686         204       5713.8845
       204011686009684       11686         204       5713.8845
       204011686009732       11686         204       5713.8845
       204011686009740       11686         204       5713.8845
       204011686006683       11686         204       6831.0538
       204011686006690       11686         204       6831.0538
       204011686006727       11686         204       6831.0538
       204011686006654       11686         204       6831.0538
       204011686007585       11686         204       6831.0538
       204011686009716       11686         204       6831.0538
       204011686009699       11686         204       6831.0538
       204011686006716       11686         204       6831.0538
       204011686009736       11686         204       18702.826
       204011686009751       11686         204       18702.826
       204011686006706       11686         204       18702.826
       204011686009763       11686         204       6831.0538
       213000143002647         143         213       6831.0538
       213000143002844         143         213       6831.0538
       213000143003079         143         213       6831.0538
       213000143003088         143         213       18702.826
       213000143003836         143         213       18702.826
       213000143005793         143         213       18702.826
       213000143006064         143         213       18702.826
       213000143003863         143         213       6831.0538
       213000143007539         143         213       6831.0538
       213000143002408         143         213       6831.0538
       213000143002383         143         213       6831.0538
       213000143002375         143         213       6831.0538
       213000143002372         143         213       6831.0538
       213000143004404         143         213       6831.0538
       213000143003851         143         213       6831.0538
       213000143003247         143         213       6831.0538
       213000143003096         143         213       6831.0538
       213000143003065         143         213       6831.0538
       213000143005780         143         213       6831.0538
       213000143005763         143         213       6831.0538
       213000143003025         143         213       5713.8845
       213000143007711         143         213       5713.8845
       213000143003034         143         213       6831.0538
       213000143004419         143         213       5713.8845
       213000143003020         143         213       5713.8845
       213000143003047         143         213       5713.8845
       213000143002400         143         213       5713.8845
       213000143000025         143         213       57.916667
       215007144000025        7144         215       16586.667
       216005324002082        5324         216       18702.826
       216005324005247        5324         216       6831.0538
       216005324005232        5324         216       6831.0538
       216005324002066        5324         216       6831.0538
       216005324002088        5324         216       6831.0538
       216005324002096        5324         216       6831.0538
       216005324003053        5324         216       6831.0538
       216005324003161        5324         216       6831.0538
       216005324000025        5324         216       57.916667
       216005324004252        5324         216       5713.8845
       216005324003624        5324         216       5713.8845
       216005324005468        5324         216       5713.8845
       216005324002061        5324         216       5713.8845
       216005324003452        5324         216       18702.826
       217003992003831        3992         217       4993.0000
       226002001000025        2001         226       68581.789
       226023527000025       23527         226       58751.568
       226029714000025       29714         226       5713.8845
       227001014000025        1014         227       68581.789
       229000580000025         580         229       18702.826
       232003545000025        3545         232       18702.826
       237000097006672          97         237       18702.826
       237000097007796          97         237       6831.0538
       237000097007449          97         237       6831.0538
       237000097006980          97         237       6831.0538
       237000097006624          97         237       6831.0538
       237000097006629          97         237       6831.0538
       237000097006644          97         237       6831.0538
       237000097006658          97         237       6831.0538
       237000097006662          97         237       6831.0538
       237000097008706          97         237       6831.0538
       237000097008324          97         237       6831.0538
       237000097008123          97         237       6831.0538
       237000097007811          97         237       5713.8845
       237000097006684          97         237       5713.8845
       237000097006976          97         237       5713.8845
       237000097007442          97         237       5713.8845
       237000097007479          97         237       5713.8845
       237000097011830          97         237       6831.0538
       237000097010682          97         237       6831.0538
       237000097009571          97         237       6831.0538
       237000097009100          97         237       6831.0538
       237000097003160          97         237       31.666667
       237000097009091          97         237       5713.8845
       237000097011243          97         237       5713.8845
       237000097013174          97         237       5713.8845
       237000097012581          97         237       5713.8845
       240000032001206          32         240       5713.8845
       240000032000025          32         240       866.83333
       240000032000899          32         240       6831.0538
       240000032001034          32         240       6831.0538
       243012881000025       12881         243       68581.789
       257000034003664          34         257       18702.826
       257000034008613          34         257       6831.0538
       257000034003647          34         257       6831.0538
       257000034002366          34         257       6831.0538
       257000034004811          34         257       6831.0538
       257000034003997          34         257       18702.826
       257000034002161          34         257       18702.826
       257000034001996          34         257       6831.0538
       257000034003683          34         257       6831.0538
       257000034002461          34         257       6831.0538
       257000034002353          34         257       6831.0538
       257000034002139          34         257       5713.8845
       257000034002158          34         257       5713.8845
       257000034000025          34         257       57.916667
       257000034001995          34         257       5713.8845
       257000034002472          34         257       5713.8845
       257000398000025         398         257       16586.667
       259001305001501        1305         259       6831.0538
       259001305001485        1305         259       6831.0538
       259001305000139        1305         259       352.16667
       259001305006033        1305         259       5713.8845
       259001305001500        1305         259       5713.8845
       259001307002415        1307         259       6831.0538
       259001307001251        1307         259       6831.0538
       259001307001268        1307         259       6831.0538
       259001307000025        1307         259       352.16667
       259001307001256        1307         259       5713.8845
       259001307001252        1307         259       5713.8845
       259001307002194        1307         259       5713.8845
       259001307002182        1307         259       5713.8845
       259001307002981        1307         259       6831.0538
       259001307001931        1307         259       6831.0538
       259001307001913        1307         259       6831.0538
       259001307001720        1307         259       6831.0538
       259001307001709        1307         259       6831.0538
       259001307001699        1307         259       6831.0538
       259001307001939        1307         259       6831.0538
       259001307001905        1307         259       6831.0538
       259001307001263        1307         259       18702.826
       259001307002456        1307         259       58751.568
       261009708000025        9708         261       68581.789
       265009968000025        9968         265       32777.250
       268001639000025        1639         268       16586.667
       271010775000025       10775         271       11857.714
       274004441000025        4441         274       16586.667
       274004441000130        4441         274       18702.826
       277020311000025       20311         277       1613.2857
       278000917000025         917         278       58751.568
       282006455000025        6455         282       55371.143
       282006455000060        6455         282       6831.0538
       290000054001892          54         290       6831.0538
       290000054001706          54         290       5713.8845
       290000054003474          54         290       5713.8845
       290000054000025          54         290       352.16667
       290000054001181          54         290       6831.0538
       290000054001461          54         290       6831.0538
       290000054001688          54         290       6831.0538
       294002858000025        2858         294       68581.789
       294006781000025        6781         294       58751.568
       300003562010468        3562         300       50364.889
       301000112001407         112         301       55371.143
       309002410000025        2410         309       55371.143
       311002120000025        2120         311       32777.250
       312000056002129          56         312       18702.826
       312000056002805          56         312       18702.826
       312000056000025          56         312       31.666667
       312000056002124          56         312       5713.8845
       312000056002111          56         312       5713.8845
       312000056002110          56         312       5713.8845
       312000056002106          56         312       5713.8845
       312000056002081          56         312       5713.8845
       312000056002080          56         312       5713.8845
       312000056003183          56         312       5713.8845
       312000056002792          56         312       6831.0538
       312000056002125          56         312       6831.0538
       312000056002077          56         312       6831.0538
       312000056002089          56         312       6831.0538
       312000056002087          56         312       6831.0538
       312000056002107          56         312       6831.0538
       312000056002118          56         312       6831.0538
       312000056003189          56         312       6831.0538
       312000056002579          56         312       18702.826
       312000056002566          56         312       6831.0538
       312000056002570          56         312       6831.0538
       314000099000986          99         314       6831.0538
       314000099000790          99         314       6831.0538
       314000099000025          99         314       1613.2857
       314000099000578          99         314       5713.8845
       318000641000100         641         318       6831.0538
       318000641000025         641         318       55371.143
       319000153000854         153         319       6831.0538
       319000153000831         153         319       6831.0538
       319000153000562         153         319       6831.0538
       319000153000025         153         319       1613.2857
       319000153000573         153         319       6831.0538
       327019991000025       19991         327       16586.667
       330000725000025         725         330       68581.789
       338005488000025        5488         338       18702.826
       340027416000025       27416         340       6831.0538
       341000117008063         117         341       6831.0538
       341000117012792         117         341       6831.0538
       341000117010781         117         341       6831.0538
       341000117008012         117         341       6831.0538
       341000117008002         117         341       6831.0538
       341000117008025         117         341       6831.0538
       341000117008047         117         341       6831.0538
       341000117007001         117         341       6831.0538
       341000117007003         117         341       6831.0538
       341000117007021         117         341       6831.0538
       341000117007034         117         341       6831.0538
       341000117006424         117         341       6831.0538
       341000117006426         117         341       6831.0538
       341000117006455         117         341       6831.0538
       341000117007056         117         341       6831.0538
       341000117006354         117         341       6831.0538
       341000117006367         117         341       6831.0538
       341000117006383         117         341       6831.0538
       341000117006389         117         341       6831.0538
       341000117006395         117         341       6831.0538
       341000117006319         117         341       6831.0538
       341000117006328         117         341       6831.0538
       341000117006346         117         341       6831.0538
       341000117006438         117         341       18702.826
       341000117007047         117         341       18702.826
       341000117008127         117         341       18702.826
       341000117008139         117         341       18702.826
       341000117009641         117         341       18702.826
       341000117010840         117         341       18702.826
       341000117008115         117         341       6831.0538
       341000117000025         117         341       12.333333
       341000117009186         117         341       5713.8845
       341000117009599         117         341       5713.8845
       341000117011375         117         341       5713.8845
       341000117010176         117         341       5713.8845
       341000117008661         117         341       5713.8845
       341000117008093         117         341       5713.8845
       341000117008054         117         341       5713.8845
       341000117008684         117         341       6831.0538
       341000117009230         117         341       6831.0538
       341000117009632         117         341       6831.0538
       341000117006287         117         341       5713.8845
       341000117006296         117         341       5713.8845
       341000117006313         117         341       5713.8845
       341000117006353         117         341       5713.8845
       341000117006410         117         341       5713.8845
       341000117006414         117         341       5713.8845
       341000117006415         117         341       5713.8845
       341000117006996         117         341       5713.8845
       341000117008155         117         341       5713.8845
       341000117009624         117         341       5713.8845
       341000117011438         117         341       58751.568
       341000117006477         117         341       58751.568
       341000117007086         117         341       58751.568
       341000117006458         117         341       68581.789
       341000117014817         117         341       18702.826
       344000322000025         322         344       50364.889
       344000322000067         322         344       6831.0538
       345001327000025        1327         345       55371.143
       359000104017278         104         359       18702.826
       359000104005975         104         359       58751.568
       359000104002450         104         359       6831.0538
       359000104005436         104         359       6831.0538
       359000104009112         104         359       5713.8845
       359000104005170         104         359       5713.8845
       359000104004752         104         359       5713.8845
       359000104007977         104         359       5713.8845
       359000104001978         104         359       5713.8845
       359000104000025         104         359       57.916667
       359000104008001         104         359       6831.0538
       359000104001452         104         359       6831.0538
       359000104001614         104         359       6831.0538
       359000104001622         104         359       6831.0538
       359000104007397         104         359       6831.0538
       359000104009085         104         359       6831.0538
       359000198000025         198         359       11857.714
       367000142019312         142         367       6831.0538
       367000142020587         142         367       6831.0538
       367000142022359         142         367       6831.0538
       367000142018745         142         367       6831.0538
       367000142015812         142         367       31.666667
       367000142019324         142         367       6831.0538
       367000142019306         142         367       5713.8845
       367000142021022         142         367       5713.8845
       367000142021037         142         367       5713.8845
       378001097000063        1097         378       6831.0538
       378001097000025        1097         378       50364.889
       388000049041085          49         388       18702.826
       388000049011932          49         388       18702.826
       388000049011932          49         388       18702.826
       388000049011932          49         388       18702.826
       388000049011932          49         388       18702.826
       388000049011871          49         388       18702.826
       388000049011871          49         388       18702.826
       388000049011871          49         388       18702.826
       388000049011871          49         388       18702.826
       388000049010949          49         388       68581.789
       388000049010949          49         388       68581.789
       388000049010949          49         388       68581.789
       388000049010949          49         388       68581.789
       388000049009379          49         388       58751.568
       388000049009379          49         388       58751.568
       388000049009379          49         388       58751.568
       388000049009379          49         388       58751.568
       388000049009391          49         388       58751.568
       388000049009391          49         388       58751.568
       388000049009391          49         388       58751.568
       388000049009391          49         388       58751.568
       388000049053792          49         388       6831.0538
       388000049038623          49         388       6831.0538
       388000049038653          49         388       6831.0538
       388000049036829          49         388       6831.0538
       388000049032701          49         388       6831.0538
       388000049032836          49         388       6831.0538
       388000049032836          49         388       6831.0538
       388000049032836          49         388       6831.0538
       388000049033000          49         388       6831.0538
       388000049033000          49         388       6831.0538
       388000049033000          49         388       6831.0538
       388000049033028          49         388       6831.0538
       388000049033028          49         388       6831.0538
       388000049033028          49         388       6831.0538
       388000049034985          49         388       6831.0538
       388000049034985          49         388       6831.0538
       388000049035121          49         388       6831.0538
       388000049035121          49         388       6831.0538
       388000049032932          49         388       6831.0538
       388000049032932          49         388       6831.0538
       388000049032932          49         388       6831.0538
       388000049030157          49         388       6831.0538
       388000049030157          49         388       6831.0538
       388000049030157          49         388       6831.0538
       388000049030157          49         388       6831.0538
       388000049030168          49         388       6831.0538
       388000049030168          49         388       6831.0538
       388000049030168          49         388       6831.0538
       388000049030168          49         388       6831.0538
       388000049030064          49         388       6831.0538
       388000049030064          49         388       6831.0538
       388000049030064          49         388       6831.0538
       388000049030064          49         388       6831.0538
       388000049025920          49         388       6831.0538
       388000049025920          49         388       6831.0538
       388000049025920          49         388       6831.0538
       388000049025920          49         388       6831.0538
       388000049029842          49         388       6831.0538
       388000049029842          49         388       6831.0538
       388000049029842          49         388       6831.0538
       388000049029842          49         388       6831.0538
       388000049029855          49         388       6831.0538
       388000049029855          49         388       6831.0538
       388000049029855          49         388       6831.0538
       388000049029855          49         388       6831.0538
       388000049029916          49         388       6831.0538
       388000049029950          49         388       6831.0538
       388000049029950          49         388       6831.0538
       388000049029950          49         388       6831.0538
       388000049029950          49         388       6831.0538
       388000049030012          49         388       6831.0538
       388000049030012          49         388       6831.0538
       388000049030012          49         388       6831.0538
       388000049030012          49         388       6831.0538
       388000049025662          49         388       6831.0538
       388000049025662          49         388       6831.0538
       388000049025662          49         388       6831.0538
       388000049025662          49         388       6831.0538
       388000049016772          49         388       6831.0538
       388000049016772          49         388       6831.0538
       388000049016772          49         388       6831.0538
       388000049016772          49         388       6831.0538
       388000049018654          49         388       6831.0538
       388000049018654          49         388       6831.0538
       388000049018654          49         388       6831.0538
       388000049018654          49         388       6831.0538
       388000049018676          49         388       6831.0538
       388000049018676          49         388       6831.0538
       388000049018676          49         388       6831.0538
       388000049018676          49         388       6831.0538
       388000049018691          49         388       6831.0538
       388000049018691          49         388       6831.0538
       388000049018691          49         388       6831.0538
       388000049018691          49         388       6831.0538
       388000049018703          49         388       6831.0538
       388000049025630          49         388       6831.0538
       388000049025630          49         388       6831.0538
       388000049025630          49         388       6831.0538
       388000049025630          49         388       6831.0538
       388000049009352          49         388       6831.0538
       388000049009352          49         388       6831.0538
       388000049009352          49         388       6831.0538
       388000049009352          49         388       6831.0538
       388000049009256          49         388       6831.0538
       388000049009256          49         388       6831.0538
       388000049009256          49         388       6831.0538
       388000049009256          49         388       6831.0538
       388000049009267          49         388       6831.0538
       388000049009267          49         388       6831.0538
       388000049009267          49         388       6831.0538
       388000049009267          49         388       6831.0538
       388000049009277          49         388       6831.0538
       388000049009277          49         388       6831.0538
       388000049009277          49         388       6831.0538
       388000049009277          49         388       6831.0538
       388000049009292          49         388       6831.0538
       388000049009292          49         388       6831.0538
       388000049009292          49         388       6831.0538
       388000049009292          49         388       6831.0538
       388000049009305          49         388       6831.0538
       388000049009305          49         388       6831.0538
       388000049009305          49         388       6831.0538
       388000049009305          49         388       6831.0538
       388000049009321          49         388       6831.0538
       388000049009321          49         388       6831.0538
       388000049009321          49         388       6831.0538
       388000049009321          49         388       6831.0538
       388000049009238          49         388       6831.0538
       388000049009238          49         388       6831.0538
       388000049009238          49         388       6831.0538
       388000049009238          49         388       6831.0538
       388000049029916          49         388       6831.0538
       388000049029916          49         388       6831.0538
       388000049029916          49         388       6831.0538
       388000049032719          49         388       6831.0538
       388000049032719          49         388       6831.0538
       388000049032719          49         388       6831.0538
       388000049033094          49         388       6831.0538
       388000049033094          49         388       6831.0538
       388000049033094          49         388       6831.0538
       388000049025728          49         388       6831.0538
       388000049025728          49         388       6831.0538
       388000049025728          49         388       6831.0538
       388000049025728          49         388       6831.0538
       388000049018703          49         388       6831.0538
       388000049018703          49         388       6831.0538
       388000049018703          49         388       6831.0538
       388000049016691          49         388       6831.0538
       388000049016691          49         388       6831.0538
       388000049016691          49         388       6831.0538
       388000049016691          49         388       6831.0538
       388000049016626          49         388       6831.0538
       388000049016626          49         388       6831.0538
       388000049016626          49         388       6831.0538
       388000049016626          49         388       6831.0538
       388000049014911          49         388       6831.0538
       388000049014911          49         388       6831.0538
       388000049014911          49         388       6831.0538
       388000049014911          49         388       6831.0538
       388000049014946          49         388       6831.0538
       388000049014946          49         388       6831.0538
       388000049014946          49         388       6831.0538
       388000049014946          49         388       6831.0538
       388000049014979          49         388       6831.0538
       388000049014979          49         388       6831.0538
       388000049014979          49         388       6831.0538
       388000049014979          49         388       6831.0538
       388000049011849          49         388       6831.0538
       388000049011951          49         388       6831.0538
       388000049011951          49         388       6831.0538
       388000049011951          49         388       6831.0538
       388000049011951          49         388       6831.0538
       388000049013632          49         388       6831.0538
       388000049013632          49         388       6831.0538
       388000049013632          49         388       6831.0538
       388000049013632          49         388       6831.0538
       388000049013777          49         388       6831.0538
       388000049013777          49         388       6831.0538
       388000049013777          49         388       6831.0538
       388000049013777          49         388       6831.0538
       388000049014822          49         388       6831.0538
       388000049014822          49         388       6831.0538
       388000049014822          49         388       6831.0538
       388000049014822          49         388       6831.0538
       388000049014842          49         388       6831.0538
       388000049014842          49         388       6831.0538
       388000049014842          49         388       6831.0538
       388000049014842          49         388       6831.0538
       388000049010845          49         388       6831.0538
       388000049010845          49         388       6831.0538
       388000049010845          49         388       6831.0538
       388000049010845          49         388       6831.0538
       388000049010821          49         388       6831.0538
       388000049010821          49         388       6831.0538
       388000049010821          49         388       6831.0538
       388000049010821          49         388       6831.0538
       388000049010823          49         388       6831.0538
       388000049010823          49         388       6831.0538
       388000049010823          49         388       6831.0538
       388000049010823          49         388       6831.0538
       388000049010830          49         388       6831.0538
       388000049010830          49         388       6831.0538
       388000049010830          49         388       6831.0538
       388000049010830          49         388       6831.0538
       388000049010879          49         388       6831.0538
       388000049010879          49         388       6831.0538
       388000049010879          49         388       6831.0538
       388000049010879          49         388       6831.0538
       388000049010855          49         388       6831.0538
       388000049010855          49         388       6831.0538
       388000049010855          49         388       6831.0538
       388000049010855          49         388       6831.0538
       388000049010892          49         388       6831.0538
       388000049010892          49         388       6831.0538
       388000049010892          49         388       6831.0538
       388000049010892          49         388       6831.0538
       388000049010913          49         388       6831.0538
       388000049010913          49         388       6831.0538
       388000049010913          49         388       6831.0538
       388000049010913          49         388       6831.0538
       388000049010860          49         388       6831.0538
       388000049010860          49         388       6831.0538
       388000049010860          49         388       6831.0538
       388000049010860          49         388       6831.0538
       388000049043021          49         388       6831.0538
       388000049009330          49         388       18702.826
       388000049009330          49         388       18702.826
       388000049009330          49         388       18702.826
       388000049009330          49         388       18702.826
       388000049009331          49         388       18702.826
       388000049009331          49         388       18702.826
       388000049009331          49         388       18702.826
       388000049009331          49         388       18702.826
       388000049009346          49         388       18702.826
       388000049009346          49         388       18702.826
       388000049009346          49         388       18702.826
       388000049009346          49         388       18702.826
       388000049009358          49         388       18702.826
       388000049009358          49         388       18702.826
       388000049009358          49         388       18702.826
       388000049009358          49         388       18702.826
       388000049009375          49         388       18702.826
       388000049009375          49         388       18702.826
       388000049009375          49         388       18702.826
       388000049009375          49         388       18702.826
       388000049010924          49         388       18702.826
       388000049010937          49         388       18702.826
       388000049010937          49         388       18702.826
       388000049010937          49         388       18702.826
       388000049010937          49         388       18702.826
       388000049016666          49         388       18702.826
       388000049016666          49         388       18702.826
       388000049016666          49         388       18702.826
       388000049016666          49         388       18702.826
       388000049016757          49         388       18702.826
       388000049016757          49         388       18702.826
       388000049016757          49         388       18702.826
       388000049016757          49         388       18702.826
       388000049016798          49         388       18702.826
       388000049016798          49         388       18702.826
       388000049016798          49         388       18702.826
       388000049016798          49         388       18702.826
       388000049053816          49         388       18702.826
       388000049041137          49         388       18702.826
       388000049010864          49         388       18702.826
       388000049010864          49         388       18702.826
       388000049010864          49         388       18702.826
       388000049010864          49         388       18702.826
       388000049010924          49         388       18702.826
       388000049010924          49         388       18702.826
       388000049010924          49         388       18702.826
       388000049011915          49         388       18702.826
       388000049011915          49         388       18702.826
       388000049011915          49         388       18702.826
       388000049011915          49         388       18702.826
       388000049030229          49         388       18702.826
       388000049030229          49         388       18702.826
       388000049030229          49         388       18702.826
       388000049030229          49         388       18702.826
       388000049032987          49         388       18702.826
       388000049032987          49         388       18702.826
       388000049032987          49         388       18702.826
       388000049025854          49         388       18702.826
       388000049025854          49         388       18702.826
       388000049025854          49         388       18702.826
       388000049025854          49         388       18702.826
       388000049030034          49         388       18702.826
       388000049030034          49         388       18702.826
       388000049030034          49         388       18702.826
       388000049030034          49         388       18702.826
       388000049025941          49         388       18702.826
       388000049025941          49         388       18702.826
       388000049025941          49         388       18702.826
       388000049025941          49         388       18702.826
       388000049026009          49         388       18702.826
       388000049026009          49         388       18702.826
       388000049026009          49         388       18702.826
       388000049026009          49         388       18702.826
       388000049030128          49         388       18702.826
       388000049030128          49         388       18702.826
       388000049030128          49         388       18702.826
       388000049030128          49         388       18702.826
       388000049010818          49         388       5713.8845
       388000049010818          49         388       5713.8845
       388000049010818          49         388       5713.8845
       388000049010818          49         388       5713.8845
       388000049010835          49         388       5713.8845
       388000049010835          49         388       5713.8845
       388000049010835          49         388       5713.8845
       388000049010835          49         388       5713.8845
       388000049013644          49         388       5713.8845
       388000049013644          49         388       5713.8845
       388000049013644          49         388       5713.8845
       388000049013644          49         388       5713.8845
       388000049013653          49         388       5713.8845
       388000049013653          49         388       5713.8845
       388000049013653          49         388       5713.8845
       388000049013653          49         388       5713.8845
       388000049013668          49         388       5713.8845
       388000049013668          49         388       5713.8845
       388000049013668          49         388       5713.8845
       388000049013668          49         388       5713.8845
       388000049013672          49         388       5713.8845
       388000049013672          49         388       5713.8845
       388000049013672          49         388       5713.8845
       388000049013672          49         388       5713.8845
       388000049013696          49         388       5713.8845
       388000049013696          49         388       5713.8845
       388000049013696          49         388       5713.8845
       388000049013696          49         388       5713.8845
       388000049010908          49         388       5713.8845
       388000049010908          49         388       5713.8845
       388000049010908          49         388       5713.8845
       388000049010908          49         388       5713.8845
       388000049010915          49         388       5713.8845
       388000049010915          49         388       5713.8845
       388000049010915          49         388       5713.8845
       388000049010915          49         388       5713.8845
       388000049014861          49         388       5713.8845
       388000049014861          49         388       5713.8845
       388000049014861          49         388       5713.8845
       388000049014861          49         388       5713.8845
       388000049016612          49         388       5713.8845
       388000049016612          49         388       5713.8845
       388000049016612          49         388       5713.8845
       388000049016612          49         388       5713.8845
       388000049016648          49         388       5713.8845
       388000049016648          49         388       5713.8845
       388000049016648          49         388       5713.8845
       388000049016648          49         388       5713.8845
       388000049016792          49         388       5713.8845
       388000049016792          49         388       5713.8845
       388000049016792          49         388       5713.8845
       388000049016792          49         388       5713.8845
       388000049009215          49         388       5713.8845
       388000049009215          49         388       5713.8845
       388000049009215          49         388       5713.8845
       388000049009215          49         388       5713.8845
       388000049009219          49         388       5713.8845
       388000049009219          49         388       5713.8845
       388000049009219          49         388       5713.8845
       388000049009219          49         388       5713.8845
       388000049009230          49         388       5713.8845
       388000049009230          49         388       5713.8845
       388000049009230          49         388       5713.8845
       388000049009230          49         388       5713.8845
       388000049009234          49         388       5713.8845
       388000049009234          49         388       5713.8845
       388000049009234          49         388       5713.8845
       388000049009234          49         388       5713.8845
       388000049009248          49         388       5713.8845
       388000049009248          49         388       5713.8845
       388000049009248          49         388       5713.8845
       388000049009248          49         388       5713.8845
       388000049009254          49         388       5713.8845
       388000049009254          49         388       5713.8845
       388000049009254          49         388       5713.8845
       388000049009254          49         388       5713.8845
       388000049013713          49         388       6831.0538
       388000049013713          49         388       6831.0538
       388000049013713          49         388       6831.0538
       388000049013713          49         388       6831.0538
       388000049013687          49         388       6831.0538
       388000049013687          49         388       6831.0538
       388000049013687          49         388       6831.0538
       388000049013687          49         388       6831.0538
       388000049013623          49         388       6831.0538
       388000049013623          49         388       6831.0538
       388000049013623          49         388       6831.0538
       388000049013623          49         388       6831.0538
       388000049013612          49         388       6831.0538
       388000049013612          49         388       6831.0538
       388000049013612          49         388       6831.0538
       388000049013612          49         388       6831.0538
       388000049013599          49         388       6831.0538
       388000049013599          49         388       6831.0538
       388000049013599          49         388       6831.0538
       388000049013599          49         388       6831.0538
       388000049011849          49         388       6831.0538
       388000049011849          49         388       6831.0538
       388000049011849          49         388       6831.0538
       388000049011904          49         388       6831.0538
       388000049011904          49         388       6831.0538
       388000049011904          49         388       6831.0538
       388000049011904          49         388       6831.0538
       388000049011886          49         388       6831.0538
       388000049011886          49         388       6831.0538
       388000049011886          49         388       6831.0538
       388000049011886          49         388       6831.0538
       388000049032701          49         388       6831.0538
       388000049032701          49         388       6831.0538
       388000049000025          49         388       1.0000000
       388000049000025          49         388       1.0000000
       388000049000025          49         388       1.0000000
       388000049000025          49         388       1.0000000
       388000049010843          49         388       5713.8845
       388000049010843          49         388       5713.8845
       388000049010843          49         388       5713.8845
       388000049010843          49         388       5713.8845
       388000049010857          49         388       5713.8845
       388000049010857          49         388       5713.8845
       388000049010857          49         388       5713.8845
       388000049010857          49         388       5713.8845
       388000049010884          49         388       5713.8845
       388000049010884          49         388       5713.8845
       388000049010884          49         388       5713.8845
       388000049010884          49         388       5713.8845
       388000049046679          49         388       5713.8845
       388000049042984          49         388       5713.8845
       388000049033017          49         388       5713.8845
       388000049033017          49         388       5713.8845
       388000049033017          49         388       5713.8845
       388000049030118          49         388       5713.8845
       388000049030118          49         388       5713.8845
       388000049030118          49         388       5713.8845
       388000049030118          49         388       5713.8845
       388000049025653          49         388       5713.8845
       388000049025653          49         388       5713.8845
       388000049025653          49         388       5713.8845
       388000049014830          49         388       5713.8845
       388000049014830          49         388       5713.8845
       388000049014830          49         388       5713.8845
       388000049014830          49         388       5713.8845
       388000049014814          49         388       5713.8845
       388000049014814          49         388       5713.8845
       388000049014814          49         388       5713.8845
       388000049014814          49         388       5713.8845
       388000049032778          49         388       5713.8845
       388000049032778          49         388       5713.8845
       388000049032778          49         388       5713.8845
       388000049011939          49         388       5713.8845
       388000049011939          49         388       5713.8845
       388000049011939          49         388       5713.8845
       388000049011939          49         388       5713.8845
       388000049011864          49         388       5713.8845
       388000049011864          49         388       5713.8845
       388000049011864          49         388       5713.8845
       388000049011864          49         388       5713.8845
       388000049011854          49         388       5713.8845
       388000049011854          49         388       5713.8845
       388000049011854          49         388       5713.8845
       388000049011854          49         388       5713.8845
       388000049011835          49         388       5713.8845
       388000049011835          49         388       5713.8845
       388000049011835          49         388       5713.8845
       388000049011835          49         388       5713.8845
       388000049025653          49         388       5713.8845
       388000049025703          49         388       5713.8845
       388000049025703          49         388       5713.8845
       388000049025703          49         388       5713.8845
       388000049025703          49         388       5713.8845
       388000049025782          49         388       5713.8845
       388000049025782          49         388       5713.8845
       388000049025782          49         388       5713.8845
       388000049025782          49         388       5713.8845
       388000049029814          49         388       5713.8845
       388000049029814          49         388       5713.8845
       388000049029814          49         388       5713.8845
       388000049029814          49         388       5713.8845
       388000049030052          49         388       5713.8845
       388000049030052          49         388       5713.8845
       388000049030052          49         388       5713.8845
       388000049030052          49         388       5713.8845
       388000049032916          49         388       5713.8845
       388000049032916          49         388       5713.8845
       388000049032916          49         388       5713.8845
       388000049032821          49         388       5713.8845
       388000049032821          49         388       5713.8845
       388000049032821          49         388       5713.8845
       388000049036753          49         388       5713.8845
       388000049036798          49         388       5713.8845
       388000049036852          49         388       5713.8845
       388000049051203          49         388       5713.8845
       388000049057323          49         388       5713.8845
       388000049059866          49         388       5713.8845
       388009870000502        9870         388       5713.8845
       388009870000025        9870         388       11857.714
       390010681002554       10681         390       18702.826
       390010681002529       10681         390       18702.826
       390010681006797       10681         390       18702.826
       390010681008589       10681         390       6831.0538
       390010681010897       10681         390       6831.0538
       390010681011581       10681         390       6831.0538
       390010681006813       10681         390       6831.0538
       390010681007284       10681         390       6831.0538
       390010681006290       10681         390       6831.0538
       390010681006735       10681         390       6831.0538
       390010681003639       10681         390       6831.0538
       390010681003650       10681         390       6831.0538
       390010681003665       10681         390       6831.0538
       390010681004511       10681         390       6831.0538
       390010681004527       10681         390       6831.0538
       390010681004539       10681         390       6831.0538
       390010681005131       10681         390       6831.0538
       390010681005156       10681         390       6831.0538
       390010681005168       10681         390       6831.0538
       390010681005176       10681         390       6831.0538
       390010681006231       10681         390       6831.0538
       390010681006241       10681         390       6831.0538
       390010681002514       10681         390       6831.0538
       390010681002526       10681         390       6831.0538
       390010681002543       10681         390       6831.0538
       390010681003030       10681         390       6831.0538
       390010681003047       10681         390       6831.0538
       390010681003657       10681         390       5713.8845
       390010681006256       10681         390       5713.8845
       390010681006778       10681         390       5713.8845
       390010681010056       10681         390       5713.8845
       390010681002540       10681         390       5713.8845
       390010681002523       10681         390       5713.8845
       390010681002519       10681         390       5713.8845
       390010681000025       10681         390       57.916667
       390010681002263       10681         390       5713.8845
       390010681002292       10681         390       6831.0538
       390010681002278       10681         390       6831.0538
       390010681002275       10681         390       6831.0538
       390010681002264       10681         390       6831.0538
       390010681007327       10681         390       5713.8845
       390010681003052       10681         390       58751.568
       390010681003684       10681         390       18702.826
       400007084000025        7084         400       68581.789
       402019775000025       19775         402       55371.143
       407001415000025        1415         407       50364.889
       408000500000656         500         408       55371.143
       409000408000025         408         409       32777.250
       413015853003147       15853         413       4993.0000
       413015853003425       15853         413       18702.826
       418000065000863          65         418       6831.0538
       418000065000025          65         418       352.16667
       418000065000857          65         418       5713.8845
       418000065000859          65         418       6831.0538
       421007983000025        7983         421       55371.143
       433000430000025         430         433       55371.143
       433000430000075         430         433       6831.0538
       435000126013280         126         435       18702.826
       435000126012684         126         435       866.83333
       435001009000025        1009         435       55371.143
       436000075001700          75         436       18702.826
       436000075001710          75         436       18702.826
       436000075000025          75         436       57.916667
       436000075003673          75         436       5713.8845
       436000075004778          75         436       5713.8845
       436000075005472          75         436       5713.8845
       436000075003705          75         436       6831.0538
       436000075007601          75         436       5713.8845
       436000075007619          75         436       5713.8845
       436000075003341          75         436       5713.8845
       436000075002104          75         436       18702.826
       436000075004554          75         436       18702.826
       436000075002100          75         436       18702.826
       436000075003344          75         436       6831.0538
       436000075003357          75         436       6831.0538
       436000075003680          75         436       6831.0538
       436000075003909          75         436       6831.0538
       436000075003921          75         436       6831.0538
       436000075004795          75         436       6831.0538
       436000075007088          75         436       6831.0538
       436000075002112          75         436       6831.0538
       436000075002093          75         436       6831.0538
       436000075001720          75         436       6831.0538
       436000075003332          75         436       6831.0538
       436000075001695          75         436       6831.0538
       437005150001132        5150         437       6831.0538
       437005150001146        5150         437       6831.0538
       437005150001164        5150         437       6831.0538
       437005150001394        5150         437       6831.0538
       437005150001656        5150         437       6831.0538
       437005150003416        5150         437       6831.0538
       437005150004008        5150         437       6831.0538
       437005150001162        5150         437       5713.8845
       437005150004866        5150         437       5713.8845
       437005150000025        5150         437       57.916667
       437005150000901        5150         437       5713.8845
       437005150007630        5150         437       5713.8845
       438003511000025        3511         438       58751.568
       440001384000025        1384         440       68581.789
       440001384000045        1384         440       18702.826
       443000222000190         222         443       5713.8845
       443000222000025         222         443       11857.714
       443000222000362         222         443       6831.0538
       446001959000025        1959         446       18702.826
       449001459000503        1459         449       18702.826
       449001459001627        1459         449       6831.0538
       449001459000555        1459         449       5713.8845
       449001459002910        1459         449       5713.8845
       449001459001611        1459         449       5713.8845
       449002724000025        2724         449       55371.143
       449003396000025        3396         449       68581.789
       449004608000025        4608         449       68581.789
       458000143000025         143         458       5756.2500
       464001504000025        1504         464       1613.2857
       464001504000461        1504         464       6831.0538
       464001504000568        1504         464       6831.0538
       465001633002194        1633         465       6831.0538
       465001633002203        1633         465       6831.0538
       465001633002227        1633         465       6831.0538
       465001633002293        1633         465       6831.0538
       465001633002715        1633         465       6831.0538
       465001633003935        1633         465       6831.0538
       465001633004154        1633         465       6831.0538
       465001633002214        1633         465       18702.826
       465001633002304        1633         465       6831.0538
       465001633000025        1633         465       57.916667
       465001633002861        1633         465       5713.8845
       465001633002021        1633         465       6831.0538
       465001633002014        1633         465       6831.0538
       468001481002429        1481         468       6831.0538
       468001481002418        1481         468       6831.0538
       468001481002412        1481         468       6831.0538
       468001481002969        1481         468       5713.8845
       468001481002620        1481         468       5713.8845
       468001481004518        1481         468       5713.8845
       468001481000025        1481         468       57.916667
       468001481002405        1481         468       5713.8845
       468001481002780        1481         468       18702.826
       468001481002775        1481         468       6831.0538
       468001481002980        1481         468       6831.0538
       468001481003143        1481         468       6831.0538
       468001481003403        1481         468       6831.0538
       468001481003415        1481         468       6831.0538
       468001481003433        1481         468       6831.0538
       468001481004333        1481         468       6831.0538
       468001481002617        1481         468       6831.0538
       468001481004528        1481         468       6831.0538
       468001481002440        1481         468       18702.826
       469003334000959        3334         469       18702.826
       469003334001521        3334         469       18702.826
       469003334001530        3334         469       6831.0538
       469003334001590        3334         469       6831.0538
       469003334001990        3334         469       6831.0538
       469003334001067        3334         469       6831.0538
       469003334001210        3334         469       18702.826
       469003334001199        3334         469       6831.0538
       469003334001060        3334         469       5713.8845
       469003334000025        3334         469       352.16667
       469007413000025        7413         469       58751.568
       479002343006661        2343         479       58751.568
       479002343006697        2343         479       18702.826
       479002343010746        2343         479       18702.826
       479002343000025        2343         479       12.333333
       479002343006595        2343         479       5713.8845
       479002343006599        2343         479       5713.8845
       479002343005192        2343         479       5713.8845
       479002343007581        2343         479       5713.8845
       479002343007639        2343         479       5713.8845
       479002343006545        2343         479       5713.8845
       479002343006566        2343         479       5713.8845
       479002343011782        2343         479       5713.8845
       479002343012734        2343         479       5713.8845
       479002343017681        2343         479       5713.8845
       479002343017694        2343         479       5713.8845
       479002343037603        2343         479       5713.8845
       479002343016649        2343         479       5713.8845
       479002343010800        2343         479       5713.8845
       479002343041644        2343         479       5713.8845
       479002343005202        2343         479       6831.0538
       479002343005194        2343         479       6831.0538
       479002343005169        2343         479       6831.0538
       479002343005171        2343         479       6831.0538
       479002343005179        2343         479       6831.0538
       479002343005185        2343         479       6831.0538
       479002343011765        2343         479       6831.0538
       479002343010806        2343         479       18702.826
       479002343011812        2343         479       18702.826
       479002343013891        2343         479       18702.826
       479002343012744        2343         479       18702.826
       479002343019398        2343         479       18702.826
       479002343005221        2343         479       18702.826
       479002343005205        2343         479       18702.826
       479002343006677        2343         479       18702.826
       479002343006552        2343         479       6831.0538
       479002343006648        2343         479       6831.0538
       479002343017666        2343         479       6831.0538
       479002343011821        2343         479       6831.0538
       479002343039535        2343         479       6831.0538
       479002343018526        2343         479       6831.0538
       479002343019320        2343         479       6831.0538
       479002343019372        2343         479       6831.0538
       479002343022404        2343         479       6831.0538
       479002343023625        2343         479       6831.0538
       479002343026767        2343         479       6831.0538
       479002343029793        2343         479       6831.0538
       479002343029820        2343         479       6831.0538
       479002343014830        2343         479       6831.0538
       479002343014863        2343         479       6831.0538
       479002343012766        2343         479       6831.0538
       479002343012824        2343         479       6831.0538
       479002343013796        2343         479       6831.0538
       479002343006672        2343         479       6831.0538
       479002343010820        2343         479       6831.0538
       479002343010832        2343         479       6831.0538
       479002343011674        2343         479       6831.0538
       479002343011712        2343         479       6831.0538
       479002343011739        2343         479       6831.0538
       479002343007674        2343         479       6831.0538
       479002343007686        2343         479       6831.0538
       479002343007728        2343         479       6831.0538
       479002343007740        2343         479       6831.0538
       479002343010775        2343         479       6831.0538
       479002343010781        2343         479       6831.0538
       479002343010792        2343         479       6831.0538
       479002343007602        2343         479       6831.0538
       479002343007614        2343         479       6831.0538
       479002343007624        2343         479       6831.0538
       497003425011349        3425         497       6831.0538
       497003425011390        3425         497       6831.0538
       497003425011399        3425         497       6831.0538
       497003425011412        3425         497       6831.0538
       497003425011427        3425         497       6831.0538
       497003425011434        3425         497       6831.0538
       497003425011483        3425         497       6831.0538
       497003425011440        3425         497       18702.826
       497003425011354        3425         497       18702.826
       497003425011369        3425         497       18702.826
       497003425020483        3425         497       18702.826
       497003425016951        3425         497       18702.826
       497003425015918        3425         497       18702.826
       497003425010749        3425         497       6831.0538
       497003425010665        3425         497       6831.0538
       497003425010709        3425         497       6831.0538
       497003425010705        3425         497       6831.0538
       497003425010697        3425         497       6831.0538
       497003425010687        3425         497       6831.0538
       497003425017715        3425         497       6831.0538
       497003425032242        3425         497       6831.0538
       497003425022446        3425         497       6831.0538
       497003425023611        3425         497       6831.0538
       497003425025445        3425         497       6831.0538
       497003425026500        3425         497       6831.0538
       497003425015062        3425         497       6831.0538
       497003425015094        3425         497       6831.0538
       497003425015861        3425         497       6831.0538
       497003425015868        3425         497       6831.0538
       497003425015897        3425         497       6831.0538
       497003425015906        3425         497       6831.0538
       497003425016839        3425         497       6831.0538
       497003425016851        3425         497       6831.0538
       497003425016868        3425         497       6831.0538
       497003425016880        3425         497       6831.0538
       497003425016934        3425         497       6831.0538
       497003425016965        3425         497       6831.0538
       497003425016982        3425         497       6831.0538
       497003425017008        3425         497       6831.0538
       497003425017736        3425         497       6831.0538
       497003425017754        3425         497       6831.0538
       497003425017771        3425         497       6831.0538
       497003425019444        3425         497       6831.0538
       497003425019468        3425         497       6831.0538
       497003425014976        3425         497       6831.0538
       497003425010673        3425         497       6831.0538
       497003425016894        3425         497       5713.8845
       497003425017701        3425         497       5713.8845
       497003425022412        3425         497       5713.8845
       497003425026532        3425         497       5713.8845
       497003425028843        3425         497       5713.8845
       497003425031181        3425         497       5713.8845
       497003425010668        3425         497       5713.8845
       497003425014962        3425         497       5713.8845
       497003425014972        3425         497       5713.8845
       497003425020493        3425         497       5713.8845
       497003425026570        3425         497       5713.8845
       497003425029806        3425         497       5713.8845
       497003425032296        3425         497       5713.8845
       497003425010680        3425         497       5713.8845
       497003425010728        3425         497       58751.568
       497003425016992        3425         497       58751.568
       497003425015039        3425         497       58751.568
       502002161001291        2161         502       18702.826
       502002161002473        2161         502       5713.8845
       502002161000025        2161         502       352.16667
       502002161001760        2161         502       5713.8845
       502002161002312        2161         502       5713.8845
       502002161002321        2161         502       5713.8845
       502002161003510        2161         502       5713.8845
       502002161001277        2161         502       5713.8845
       502002161001283        2161         502       6831.0538
       502002161003741        2161         502       6831.0538
       502002161004004        2161         502       6831.0538
       502002161004728        2161         502       6831.0538
       502002161005485        2161         502       6831.0538
       502002161002456        2161         502       6831.0538
       502002161001772        2161         502       6831.0538
       502002161002119        2161         502       6831.0538
       502002161001491        2161         502       6831.0538
       502002161001744        2161         502       6831.0538
       502002161001264        2161         502       6831.0538
       502002161001305        2161         502       6831.0538
       502002161001496        2161         502       18702.826
       502002161001751        2161         502       6831.0538
       502002161003494        2161         502       6831.0538
       504012526000128       12526         504       6831.0538
       504012526000182       12526         504       6831.0538
       504012526000256       12526         504       6831.0538
       504012526000025       12526         504       4993.0000
       508000136004604         136         508       4993.0000
