        1227
           25549000042       25549           0       60.928571
           25549000092       25549           0       6860.9344
           25549000117       25549           0       12888.142
         1000052000071          52           1       7155.3750
         1000052000042          52           1       652.21875
         1000257000042         257           1       2471.1667
         1000257000054         257           1       6860.9344
         1000975000042         975           1       12888.142
         2000004000042           4           2       5644.3500
         2000004000054           4           2       7155.3750
         2000004000052           4           2       8064.8390
         6020170012915       20170           6       8064.8390
         6020170012602       20170           6       8064.8390
         6020170012505       20170           6       60.928571
         6020170012803       20170           6       6860.9344
         6020170012906       20170           6       12888.142
         8012933021996       12933           8       6860.9344
         8012933022002       12933           8       6860.9344
         8012933021844       12933           8       2.2380952
         8012933022012       12933           8       1025.5965
         8012933021997       12933           8       8064.8390
         8012933022006       12933           8       8064.8390
         8012933022007       12933           8       8064.8390
         8012933022008       12933           8       8064.8390
         8012934015531       12934           8       2471.1667
        11000080023462          80          11       60.928571
        11000080023531          80          11       6860.9344
        11000080023740          80          11       6860.9344
        11000080023750          80          11       8064.8390
        11000080023840          80          11       8064.8390
        13000102000042         102          13       2471.1667
        13000921000042         921          13       12888.142
        14000036001755          36          14       6860.9344
        14011166000042       11166          14       5644.3500
        16000015000059          15          16       5644.3500
        16000015000042          15          16       2471.1667
        16000015000051          15          16       6860.9344
        16000015000080          15          16       7155.3750
        16013169000042       13169          16       2471.1667
        17000039032815          39          17       8064.8390
        18001174000042        1174          18       1025.5965
        18001381000042        1381          18       1025.5965
        18001381000068        1381          18       6860.9344
        18002664000199        2664          18       8064.8390
        20000000000156           0          20       8064.8390
        20000000000189           0          20       8064.8390
        20000000000155           0          20       7155.3750
        20000000000159           0          20       6860.9344
        20000000000193           0          20       6860.9344
        20000000000197           0          20       6860.9344
        20000000037136           0          20       2.2380952
        20000000000042           0          20       8.8684211
        20000000000223           0          20       12888.142
        21000063000806          63          21       8.8684211
        21000063000905          63          21       7155.3750
        21000063000907          63          21       8064.8390
        22003423013632        3423          22       1025.5965
        22003424000107        3424          22       6860.9344
        22003424000108        3424          22       8064.8390
        22003424000111        3424          22       8064.8390
        22003424000114        3424          22       8064.8390
        22003424000309        3424          22       8064.8390
        22003424000316        3424          22       8064.8390
        22003424000323        3424          22       8064.8390
        22003424000329        3424          22       12888.142
        22003428000075        3428          22       7155.3750
        22003428000070        3428          22       6860.9344
        22003428000042        3428          22       652.21875
        22004408000042        4408          22       10820.418
        23003330082172        3330          23       5644.3500
        23003330082185        3330          23       6860.9344
        25000001000089           1          25       6860.9344
        25000001000042           1          25       1025.5965
        25000001000095           1          25       7155.3750
        26009787000049        9787          26       8064.8390
        26009787000042        9787          26       12888.142
        27000775000042         775          27       6860.9344
        29000070000042          70          29       2.2380952
        29000070000212          70          29       8064.8390
        30005240000042        5240          30       8064.8390
        33012726000177       12726          33       1025.5965
        34010513000916       10513          34       6860.9344
        35000043000135          43          35       6860.9344
        35000043000227          43          35       6860.9344
        35000043000042          43          35       60.928571
        35000043000350          43          35       8064.8390
        35000043000359          43          35       8064.8390
        35000043000413          43          35       8064.8390
        35000043000107          43          35       8064.8390
        35000043000109          43          35       6860.9344
        35000047000368          47          35       1025.5965
        35000047000389          47          35       12888.142
        38015000000042       15000          38       5644.3500
        38015000000053       15000          38       6860.9344
        40008123000238        8123          40       6860.9344
        40008123000263        8123          40       6860.9344
        40008123000215        8123          40       652.21875
        41000493000042         493          41       12888.142
        41009999000799        9999          41       2471.1667
        41009999000856        9999          41       6860.9344
        42000949000042         949          42       6860.9344
        45000095000154          95          45       6860.9344
        45000095000181          95          45       6860.9344
        45000095000268          95          45       6860.9344
        45000095000455          95          45       6860.9344
        45000095000155          95          45       5644.3500
        45000095000042          95          45       8.8684211
        45000095000179          95          45       7155.3750
        45000095000177          95          45       8064.8390
        45000095000318          95          45       8064.8390
        45000095000438          95          45       8064.8390
        45000095000448          95          45       8064.8390
        47002067003456        2067          47       8064.8390
        47002067003432        2067          47       8064.8390
        47002067003436        2067          47       10820.418
        47002067003429        2067          47       6860.9344
        47002067003335        2067          47       8.8684211
        47002070000042        2070          47       652.21875
        47002070000086        2070          47       6860.9344
        47002070000139        2070          47       6860.9344
        47002070000148        2070          47       6860.9344
        47002070000442        2070          47       6860.9344
        47002070000143        2070          47       8064.8390
        47002208000387        2208          47       6860.9344
        47002208000381        2208          47       12888.142
        48000183000051         183          48       6860.9344
        48000183000042         183          48       5644.3500
        48015885000042       15885          48       6860.9344
        49000070000042          70          49       652.21875
        49011763000042       11763          49       652.21875
        49011763000091       11763          49       8064.8390
        49011763000078       11763          49       6860.9344
        50000374000047         374          50       7155.3750
        50000374000042         374          50       12888.142
        54000244000042         244          54       2471.1667
        55000143000676         143          55       12888.142
        55016585003764       16585          55       2471.1667
        55016628000042       16628          55       2471.1667
        56007342000067        7342          56       2471.1667
        56011960011201       11960          56       8064.8390
        57012941001089       12941          57       2471.1667
        58000120000042         120          58       652.21875
        59000116000042         116          59       2.2380952
        62011602000042       11602          62       6860.9344
        63012040000042       12040          63       10820.418
        65000538000042         538          65       10820.418
        68000005013053           5          68       7155.3750
        68000005012982           5          68       7155.3750
        68000005012993           5          68       6860.9344
        68000005013236           5          68       6860.9344
        68000005013410           5          68       6860.9344
        68000005012906           5          68       652.21875
        68000005013162           5          68       12888.142
        70015595000042       15595          70       5644.3500
        71002034004529        2034          71       1025.5965
        71002034004551        2034          71       6860.9344
        71002034004554        2034          71       8064.8390
        71019698017225       19698          71       1025.5965
        73015704000042       15704          73       8064.8390
        74004911000042        4911          74       2.2380952
        76000028000042          28          76       331.68421
        76000028000107          28          76       8064.8390
        76000028000129          28          76       8064.8390
        76000033000065          33          76       8064.8390
        76000033000104          33          76       8064.8390
        76000033000112          33          76       8064.8390
        76000033000231          33          76       8064.8390
        76000033000130          33          76       8064.8390
        76000033000183          33          76       7155.3750
        76000033000074          33          76       7155.3750
        76000033000119          33          76       2471.1667
        76000033000062          33          76       6860.9344
        76000033000070          33          76       6860.9344
        76000033000097          33          76       6860.9344
        76000033000200          33          76       6860.9344
        76000033000258          33          76       6860.9344
        76000033000266          33          76       6860.9344
        77000110000042         110          77       1025.5965
        77000110000074         110          77       8064.8390
        78000193000042         193          78       1025.5965
        79000175003458         175          79       3.0000000
        79000175003651         175          79       6860.9344
        79000175003711         175          79       6860.9344
        79000175003713         175          79       6860.9344
        79000175003641         175          79       8064.8390
        79000175003738         175          79       8064.8390
        79000175003647         175          79       7155.3750
        79000626000042         626          79       10820.418
        80000020000170          20          80       10820.418
        80000020000160          20          80       8064.8390
        80000020000156          20          80       6860.9344
        80000020000042          20          80       8.8684211
        80000020000164          20          80       12888.142
        80000021000042          21          80       8.8684211
        80016309000083       16309          80       5644.3500
        81010996000042       10996          81       6860.9344
        83019782000042       19782          83       12888.142
        85000078019214          78          85       6860.9344
        85000078019205          78          85       5644.3500
        85000227000351         227          85       8064.8390
        85020382000042       20382          85       7155.3750
        88005232000042        5232          88       6860.9344
        90000079010097          79          90       2471.1667
        90000079010111          79          90       6860.9344
        91000149000196         149          91       5644.3500
        92001014000042        1014          92       6860.9344
        92003802000042        3802          92       12888.142
        93000109000133         109          93       12888.142
        93000109000126         109          93       6860.9344
        93000109000042         109          93       8.8684211
        93000109000130         109          93       7155.3750
        93000126000073         126          93       7155.3750
        93000126000100         126          93       8064.8390
        93000126000112         126          93       8064.8390
        93000126000042         126          93       331.68421
        93000126000273         126          93       6860.9344
        96000017000476          17          96       5644.3500
        96000017000042          17          96       1025.5965
        96000017000081          17          96       8064.8390
        96000017000112          17          96       8064.8390
        96000017000132          17          96       8064.8390
        96000017000139          17          96       8064.8390
        96000017000439          17          96       8064.8390
        96000017000862          17          96       6860.9344
        96000017000452          17          96       6860.9344
        96000017000460          17          96       6860.9344
        96000017000143          17          96       6860.9344
        96000017000075          17          96       12888.142
        96000017000871          17          96       12888.142
        96022070000276       22070          96       6860.9344
        96022070000327       22070          96       6860.9344
        96022070000251       22070          96       6860.9344
        96022070000255       22070          96       8064.8390
        96022070000248       22070          96       8064.8390
        96022070000122       22070          96       60.928571
        97000060000042          60          97       2.2380952
        97000135000042         135          97       2471.1667
        97018899000136       18899          97       652.21875
        97018899000171       18899          97       8064.8390
        97018899000338       18899          97       8064.8390
        97018899000182       18899          97       6860.9344
        97018899000319       18899          97       7155.3750
        97018899000160       18899          97       7155.3750
       101000106000128         106         101       7155.3750
       101000106000182         106         101       7155.3750
       101000106000241         106         101       7155.3750
       101000106000176         106         101       8064.8390
       101000106000234         106         101       8064.8390
       101000106000129         106         101       8064.8390
       101000106000167         106         101       8064.8390
       101000106000170         106         101       10820.418
       101000106000042         106         101       8.8684211
       101000106000206         106         101       12888.142
       101000112000042         112         101       2.2380952
       101000112000167         112         101       6860.9344
       101000249000060         249         101       6860.9344
       101000249000042         249         101       1025.5965
       104019766097014       19766         104       60.928571
       104019766097087       19766         104       6860.9344
       104019766097054       19766         104       6860.9344
       104019766097058       19766         104       8064.8390
       104019766097062       19766         104       8064.8390
       105000050007422          50         105       8064.8390
       105000050007285          50         105       60.928571
       105000050007356          50         105       12888.142
       105006737000042        6737         105       8.8684211
       105006737023802        6737         105       8.8684211
       105006737000126        6737         105       6860.9344
       105006737023986        6737         105       8064.8390
       105006737000148        6737         105       8064.8390
       105006737000161        6737         105       8064.8390
       105006737000192        6737         105       8064.8390
       105006737000125        6737         105       8064.8390
       105006737023982        6737         105       6860.9344
       105006737000259        6737         105       6860.9344
       105006737000269        6737         105       6860.9344
       106000124001694         124         106       2471.1667
       108003428018691        3428         108       2.2380952
       108003429000042        3429         108       60.928571
       108003429000227        3429         108       6860.9344
       108003429000276        3429         108       6860.9344
       108003429000388        3429         108       6860.9344
       108003429001167        3429         108       8064.8390
       108003429000231        3429         108       8064.8390
       108003429000125        3429         108       8064.8390
       108003429000111        3429         108       12888.142
       109019267008736       19267         109       5644.3500
       109022047000042       22047         109       6860.9344
       110010624000344       10624         110       10820.418
       112000015000063          15         112       7155.3750
       112000015000042          15         112       2471.1667
       112009392000042        9392         112       2471.1667
       112009392000052        9392         112       12888.142
       113000057000120          57         113       8064.8390
       113000057000136          57         113       8064.8390
       113000057000350          57         113       8064.8390
       113000057000104          57         113       6860.9344
       113000057000107          57         113       6860.9344
       113000057000223          57         113       7155.3750
       113000057000042          57         113       60.928571
       113000057000410          57         113       6860.9344
       113000057000459          57         113       6860.9344
       113000057000142          57         113       6860.9344
       113000057000217          57         113       6860.9344
       116010328000061       10328         116       6860.9344
       116010328000063       10328         116       6860.9344
       116010328000070       10328         116       6860.9344
       116010328000099       10328         116       6860.9344
       116010328000336       10328         116       6860.9344
       116010328000042       10328         116       2471.1667
       116010328000060       10328         116       7155.3750
       116010925000042       10925         116       8064.8390
       117000136000051         136         117       8064.8390
       117000136000042         136         117       10820.418
       117000359000042         359         117       6860.9344
       117000359000043         359         117       6860.9344
       117000587000042         587         117       6860.9344
       119000040003534          40         119       1025.5965
       122000119000042         119         122       652.21875
       122000119000092         119         122       8064.8390
       122000119000104         119         122       8064.8390
       124009595000042        9595         124       652.21875
       125010341000042       10341         125       5644.3500
       125010341000052       10341         125       6860.9344
       126000089024112          89         126       2.2380952
       126003740000171        3740         126       12888.142
       127000226000042         226         127       5644.3500
       127019052000042       19052         127       6860.9344
       128000009002103           9         128       10820.418
       128000009002108           9         128       8064.8390
       128008180000088        8180         128       8064.8390
       128008180000096        8180         128       12888.142
       128008180000374        8180         128       6860.9344
       128008180000042        8180         128       652.21875
       128008184020342        8184         128       10820.418
       128008192003561        8192         128       12888.142
       128010707000042       10707         128       12888.142
       129000319000042         319         129       2471.1667
       130003557015330        3557         130       8064.8390
       130004156000042        4156         130       2471.1667
       131026309003583       26309         131       2471.1667
       131026309020088       26309         131       60.928571
       131026309003600       26309         131       6860.9344
       131026309020523       26309         131       8064.8390
       131026309020547       26309         131       7155.3750
       131026309020181       26309         131       10820.418
       131026457000042       26457         131       12888.142
       132000049000567          49         132       8064.8390
       132000049000042          49         132       652.21875
       132000049000559          49         132       5644.3500
       135009308000042        9308         135       8064.8390
       136000156000042         156         136       8064.8390
       136000322000042         322         136       10820.418
       137000208000042         208         137       12888.142
       138001690000042        1690         138       8064.8390
       141000035000658          35         141       8064.8390
       141000035000648          35         141       5644.3500
       141005428000253        5428         141       8.8684211
       141005428000383        5428         141       12888.142
       144010146000266       10146         144       8064.8390
       144011679000042       11679         144       8064.8390
       147012364000042       12364         147       1025.5965
       148000041007784          41         148       2471.1667
       150000319000042         319         150       1025.5965
       150000319000053         319         150       12888.142
       151000147000121         147         151       12888.142
       151000147000228         147         151       8064.8390
       151000147000126         147         151       8064.8390
       151000147000185         147         151       8064.8390
       151000147000075         147         151       8064.8390
       151000147000190         147         151       7155.3750
       151000147000042         147         151       331.68421
       151000147000194         147         151       6860.9344
       151000147000079         147         151       6860.9344
       151000181000042         181         151       1025.5965
       152019645000042       19645         152       6860.9344
       152019645000059       19645         152       8064.8390
       153017226000042       17226         153       6860.9344
       154000427000042         427         154       6860.9344
       155000302000042         302         155       5644.3500
       156009180000042        9180         156       652.21875
       156009180000087        9180         156       6860.9344
       157009531000076        9531         157       6860.9344
       157009531000092        9531         157       6860.9344
       157009531000364        9531         157       6860.9344
       157009531000042        9531         157       331.68421
       157009531000445        9531         157       12888.142
       157009531000284        9531         157       7155.3750
       157009531000073        9531         157       8064.8390
       157009531000191        9531         157       8064.8390
       157009531000088        9531         157       8064.8390
       158006413000284        6413         158       8064.8390
       158006413000288        6413         158       8064.8390
       158006413000314        6413         158       8064.8390
       158006413000319        6413         158       8064.8390
       158006413000397        6413         158       8064.8390
       158006413000403        6413         158       8064.8390
       158006413000482        6413         158       7155.3750
       158006413000410        6413         158       12888.142
       158006413000146        6413         158       8.8684211
       158006413000441        6413         158       6860.9344
       159016379000076       16379         159       6860.9344
       159016379000042       16379         159       2471.1667
       159016379000061       16379         159       8064.8390
       159016379000065       16379         159       8064.8390
       162001109000042        1109         162       6860.9344
       163000110001941         110         163       12888.142
       163016547000042       16547         163       5644.3500
       164000038000207          38         164       60.928571
       164000038000381          38         164       6860.9344
       164000038000808          38         164       6860.9344
       164000038000681          38         164       8064.8390
       164000038000786          38         164       8064.8390
       164000038000790          38         164       8064.8390
       164000038000348          38         164       8064.8390
       166007097001061        7097         166       6860.9344
       166007097001054        7097         166       5644.3500
       167010499000042       10499         167       8064.8390
       168008724000042        8724         168       5644.3500
       172000369001933         369         172       12888.142
       172000369001928         369         172       10820.418
       173000087000065          87         173       8064.8390
       173000087000042          87         173       5644.3500
       174000095000180          95         174       5644.3500
       174000095000113          95         174       5644.3500
       174000095000042          95         174       60.928571
       174000095000169          95         174       6860.9344
       174000095000199          95         174       6860.9344
       174000095000165          95         174       8064.8390
       174000095000203          95         174       7155.3750
       174023925000208       23925         174       8064.8390
       174023925000215       23925         174       8064.8390
       174023925000280       23925         174       8064.8390
       174023925000291       23925         174       8064.8390
       174023925000100       23925         174       12888.142
       174023925000202       23925         174       6860.9344
       174023925000042       23925         174       60.928571
       175002958000042        2958         175       6860.9344
       176003241000109        3241         176       6860.9344
       176003241000110        3241         176       6860.9344
       176003241000145        3241         176       6860.9344
       176003241000169        3241         176       6860.9344
       176003241000042        3241         176       60.928571
       176003241000140        3241         176       8064.8390
       176003241000138        3241         176       7155.3750
       178000279000047         279         178       7155.3750
       178000279000042         279         178       12888.142
       178015214000389       15214         178       12888.142
       180023281000456       23281         180       5644.3500
       181000132000042         132         181       5644.3500
       182018894000042       18894         182       12888.142
       183011270000066       11270         183       12888.142
       183011270000042       11270         183       2471.1667
       183011385000042       11385         183       5644.3500
       184012911000049       12911         184       8064.8390
       184012911000042       12911         184       12888.142
       185000068004542          68         185       2471.1667
       186000254000199         254         186       12888.142
       187013355003460       13355         187       1025.5965
       187013469000056       13469         187       8064.8390
       187013469000042       13469         187       10820.418
       188000105000229         105         188       2471.1667
       188003938000042        3938         188       8.8684211
       188003938000179        3938         188       6860.9344
       188003938000211        3938         188       6860.9344
       188003938000215        3938         188       8064.8390
       188003938000262        3938         188       8064.8390
       188003938000320        3938         188       8064.8390
       190006949000042        6949         190       8064.8390
       191000120000213         120         191       8064.8390
       191000120007117         120         191       8064.8390
       191000120000170         120         191       10820.418
       191000120000219         120         191       12888.142
       191000120005158         120         191       12888.142
       191000120000209         120         191       7155.3750
       191000120000042         120         191       2.2380952
       191000130000111         130         191       6860.9344
       191024445001075       24445         191       2471.1667
       194000043023597          43         194       2.2380952
       194000043023779          43         194       6860.9344
       194000043023764          43         194       6860.9344
       194000043023770          43         194       6860.9344
       194000043023772          43         194       6860.9344
       194000043023876          43         194       6860.9344
       194000043023775          43         194       7155.3750
       194000043023848          43         194       12888.142
       194000043023774          43         194       8064.8390
       194000043023787          43         194       8064.8390
       194000043023855          43         194       8064.8390
       194019443006646       19443         194       8064.8390
       195008830000052        8830         195       7155.3750
       195008830000042        8830         195       5644.3500
       196000018000145          18         196       1025.5965
       199019440000042       19440         199       8.8684211
       199019440000145       19440         199       7155.3750
       200000070007112          70         200       7155.3750
       200000070007173          70         200       7155.3750
       200000070007176          70         200       8064.8390
       200000070007117          70         200       12888.142
       200000070007012          70         200       8.8684211
       200000070007182          70         200       5644.3500
       200000070007245          70         200       6860.9344
       200000070007296          70         200       6860.9344
       200000070007114          70         200       6860.9344
       200000070007086          70         200       6860.9344
       200000071002122          71         200       6860.9344
       200000071000186          71         200       6860.9344
       200000071001707          71         200       8064.8390
       201000087000189          87         201       2471.1667
       202015315000404       15315         202       60.928571
       202015315000811       15315         202       8064.8390
       202015315000460       15315         202       8064.8390
       202015315000592       15315         202       8064.8390
       202015315000630       15315         202       7155.3750
       202015315000445       15315         202       8064.8390
       203013897000042       13897         203       10820.418
       204000069000248          69         204       2471.1667
       204031417000094       31417         204       1025.5965
       204031417000042       31417         204       60.928571
       206000102000042         102         206       8.8684211
       206000102000252         102         206       6860.9344
       206000102000301         102         206       6860.9344
       206000102000140         102         206       8064.8390
       206000102000197         102         206       8064.8390
       206000102000135         102         206       7155.3750
       206000103000148         103         206       7155.3750
       206000103000186         103         206       6860.9344
       207000269000042         269         207       2471.1667
       208003519009694        3519         208       5644.3500
       208003519010126        3519         208       2471.1667
       208003519009429        3519         208       8.8684211
       208003519009601        3519         208       6860.9344
       208003519009687        3519         208       6860.9344
       208003519009598        3519         208       7155.3750
       208003519009517        3519         208       8064.8390
       208003519009518        3519         208       8064.8390
       208003519009552        3519         208       8064.8390
       208003519009556        3519         208       8064.8390
       208003519009726        3519         208       10820.418
       211008907000655        8907         211       6860.9344
       212000035018416          35         212       1025.5965
       213002417000042        2417         213       8064.8390
       213014665000042       14665         213       652.21875
       213014755000042       14755         213       5644.3500
       213014755000052       14755         213       6860.9344
       214009747000042        9747         214       1025.5965
       216005617000042        5617         216       2471.1667
       217004872000042        4872         217       12888.142
       218000064010097          64         218       8.8684211
       218000064010192          64         218       6860.9344
       218000064010214          64         218       6860.9344
       218000064010217          64         218       6860.9344
       218000064010222          64         218       6860.9344
       218000064010168          64         218       12888.142
       218000064010166          64         218       8064.8390
       218005495019440        5495         218       12888.142
       219000134000220         134         219       6860.9344
       219000134001725         134         219       6860.9344
       219000134000042         134         219       60.928571
       219000134000209         134         219       2471.1667
       219000134000191         134         219       12888.142
       219000727000042         727         219       12888.142
       219000824000174         824         219       5644.3500
       219000824000188         824         219       6860.9344
       219002361000042        2361         219       6860.9344
       220009333000042        9333         220       331.68421
       220009333000187        9333         220       12888.142
       220009333000131        9333         220       8064.8390
       220009333000138        9333         220       8064.8390
       220009333000199        9333         220       7155.3750
       220009333000087        9333         220       8064.8390
       221000159000121         159         221       8064.8390
       221000159003716         159         221       10820.418
       221000159000042         159         221       1025.5965
       221000159003723         159         221       6860.9344
       222003946000070        3946         222       6860.9344
       222003946000193        3946         222       6860.9344
       222003946000202        3946         222       6860.9344
       222003946000042        3946         222       5644.3500
       222003946000051        3946         222       10820.418
       223000188000343         188         223       10820.418
       223000188000354         188         223       8064.8390
       223000188000443         188         223       7155.3750
       223000188000076         188         223       6860.9344
       223000188000075         188         223       6860.9344
       223000201002568         201         223       1025.5965
       223000217000042         217         223       652.21875
       223000217000144         217         223       6860.9344
       223000253000489         253         223       1025.5965
       223000407000042         407         223       10820.418
       225000100000054         100         225       8064.8390
       225000100000058         100         225       8064.8390
       225000100000042         100         225       1025.5965
       225000100000056         100         225       6860.9344
       225000100000057         100         225       6860.9344
       226000079000225          79         226       6860.9344
       226000079000309          79         226       6860.9344
       226000079000314          79         226       6860.9344
       226000079000366          79         226       6860.9344
       226000079000158          79         226       6860.9344
       226000079000154          79         226       6860.9344
       226000079000042          79         226       8.8684211
       226000079000222          79         226       8064.8390
       226000079000319          79         226       8064.8390
       226000079000229          79         226       10820.418
       226000079000910          79         226       7155.3750
       226000079002023          79         226       7155.3750
       226000079000155          79         226       8064.8390
       226000079000249          79         226       8064.8390
       226000081000329          81         226       1025.5965
       226022130000042       22130         226       60.928571
       226022130000255       22130         226       6860.9344
       226022130000085       22130         226       8064.8390
       226022130000169       22130         226       7155.3750
       226022130000128       22130         226       8064.8390
       226022130000179       22130         226       8064.8390
       228005005000314        5005         228       8064.8390
       228005005000101        5005         228       6860.9344
       228006355000042        6355         228       6860.9344
       230003194000042        3194         230       12888.142
       231001040009074        1040         231       1025.5965
       231003504000042        3504         231       8064.8390
       232025260015814       25260         232       8.8684211
       232025260015929       25260         232       6860.9344
       233002633000042        2633         233       6860.9344
       234000135000042         135         234       10820.418
       234000853000042         853         234       8064.8390
       234018002000042       18002         234       7155.3750
       240011812000063       11812         240       8064.8390
       240011812000143       11812         240       7155.3750
       240011812000086       11812         240       6860.9344
       240011812000185       11812         240       6860.9344
       240011812000356       11812         240       6860.9344
       240011812000062       11812         240       6860.9344
       240011812000042       11812         240       652.21875
       241008848000042        8848         241       652.21875
       241008848000243        8848         241       6860.9344
       241008848000255        8848         241       6860.9344
       241008848000136        8848         241       6860.9344
       241008848000156        8848         241       8064.8390
       241008848000207        8848         241       8064.8390
       241008848000073        8848         241       8064.8390
       241008848000131        8848         241       8064.8390
       241008850000953        8850         241       1025.5965
       243010928017608       10928         243       8.8684211
       243010928017824       10928         243       6860.9344
       243010928017878       10928         243       6860.9344
       243010928017842       10928         243       6860.9344
       243010928017695       10928         243       7155.3750
       243010928017713       10928         243       8064.8390
       243010928017827       10928         243       8064.8390
       243010928017869       10928         243       8064.8390
       243010928017838       10928         243       8064.8390
       243010928017833       10928         243       12888.142
       245000192000094         192         245       8064.8390
       245000192000090         192         245       8064.8390
       245000192000271         192         245       7155.3750
       245000192000385         192         245       6860.9344
       245000192000129         192         245       6860.9344
       245000192000504         192         245       6860.9344
       245000192000085         192         245       6860.9344
       245000192000042         192         245       331.68421
       246000122000042         122         246       652.21875
       246000122000077         122         246       8064.8390
       246002458013870        2458         246       1025.5965
       246002460010718        2460         246       2471.1667
       246002460009974        2460         246       12888.142
       246002460010731        2460         246       12888.142
       246002496000702        2496         246       10820.418
       247000142000158         142         247       12888.142
       247000142000230         142         247       8064.8390
       247000142000042         142         247       2.2380952
       247000142000042         142         247       2.2380952
       247000142000153         142         247       6860.9344
       247000145000299         145         247       8064.8390
       247000145000304         145         247       8064.8390
       247000358000042         358         247       10820.418
       248018571000042       18571         248       12888.142
       248018847000042       18847         248       12888.142
       254017326000246       17326         254       2471.1667
       255000268000042         268         255       1025.5965
       255000268000055         268         255       6860.9344
       255000268000058         268         255       6860.9344
       256000022000792          22         256       5644.3500
       256000196000042         196         256       5644.3500
       256000196000052         196         256       6860.9344
       256000196000089         196         256       8064.8390
       257000034000133          34         257       6860.9344
       257000034000161          34         257       6860.9344
       257000037006764          37         257       5644.3500
       257000093000725          93         257       5644.3500
       257000093000736          93         257       6860.9344
       257000167000052         167         257       7155.3750
       257000167000042         167         257       10820.418
       262000063000042          63         262       2471.1667
       263002624000042        2624         263       6860.9344
       263022839000344       22839         263       12888.142
       263022839000347       22839         263       12888.142
       264000054050471          54         264       5644.3500
       268001955000042        1955         268       12888.142
       269004539000042        4539         269       2471.1667
       271010648000488       10648         271       10820.418
       271010648000506       10648         271       8064.8390
       271010685001286       10685         271       1025.5965
       271010708000042       10708         271       2471.1667
       272000167000050         167         272       7155.3750
       272000167000042         167         272       10820.418
       273000087000543          87         273       2471.1667
       273013126003803       13126         273       60.928571
       273013126003920       13126         273       6860.9344
       273013126003925       13126         273       12888.142
       273013126003945       13126         273       7155.3750
       273013126003885       13126         273       8064.8390
       273013126004013       13126         273       8064.8390
       273013172000042       13172         273       1025.5965
       277000056002157          56         277       6860.9344
       277000056002121          56         277       6860.9344
       277000056002084          56         277       5644.3500
       277000056002125          56         277       10820.418
       277020305004266       20305         277       7155.3750
       277020305004272       20305         277       8064.8390
       277020305004192       20305         277       652.21875
       282000425000042         425         282       6860.9344
       282000569000042         569         282       6860.9344
       282004951000042        4951         282       1025.5965
       282004951000089        4951         282       12888.142
       283001618000139        1618         283       2471.1667
       285006845000198        6845         285       12888.142
       285006845000271        6845         285       8064.8390
       285006846019501        6846         285       8064.8390
       285006846019461        6846         285       12888.142
       285006846019341        6846         285       8.8684211
       285006846019440        6846         285       6860.9344
       285006846019441        6846         285       6860.9344
       285006846019443        6846         285       6860.9344
       285009007000042        9007         285       6860.9344
       286000342000042         342         286       10820.418
       286006293000042        6293         286       2.2380952
       290000054011544          54         290       6860.9344
       290000054011504          54         290       5644.3500
       290000054011556          54         290       8064.8390
       290000054011521          54         290       8064.8390
       290000054011525          54         290       8064.8390
       290000092001800          92         290       7155.3750
       290000092001791          92         290       2471.1667
       291002851003445        2851         291       652.21875
       291002851005019        2851         291       652.21875
       291002851003935        2851         291       5644.3500
       291002851003489        2851         291       6860.9344
       291002851003507        2851         291       6860.9344
       291002851003511        2851         291       7155.3750
       291002851003504        2851         291       7155.3750
       291002851003491        2851         291       8064.8390
       292000052000042          52         292       2471.1667
       292002060013447        2060         292       6860.9344
       292002062001044        2062         292       6860.9344
       292002159000042        2159         292       5644.3500
       292002159000051        2159         292       8064.8390
       296003841034734        3841         296       8064.8390
       296003841034273        3841         296       8064.8390
       296003841034173        3841         296       8064.8390
       296003841034089        3841         296       7155.3750
       296003841034178        3841         296       10820.418
       296003841034263        3841         296       12888.142
       296003841054328        3841         296       6860.9344
       296003841035074        3841         296       6860.9344
       296003841034256        3841         296       6860.9344
       296003841034467        3841         296       6860.9344
       296003841034064        3841         296       652.21875
       296003841054295        3841         296       331.68421
       297000477000042         477         297       12888.142
       297021668000143       21668         297       7155.3750
       297021668000118       21668         297       652.21875
       297021668000180       21668         297       6860.9344
       299000139000042         139         299       1025.5965
       300003570000042        3570         300       8.8684211
       300003570000149        3570         300       6860.9344
       300003901000042        3901         300       5644.3500
       300005272000042        5272         300       6860.9344
       302007567000051        7567         302       6860.9344
       302007567000042        7567         302       2471.1667
       304000043000042          43         304       2471.1667
       304000043000150          43         304       8064.8390
       308002535000042        2535         308       10820.418
       309000110000345         110         309       12888.142
       309000110000399         110         309       12888.142
       309000110000643         110         309       12888.142
       309000110001594         110         309       8064.8390
       309000110000393         110         309       7155.3750
       309000110000408         110         309       6860.9344
       309000110000628         110         309       6860.9344
       309001073002386        1073         309       1025.5965
       309001078000042        1078         309       2.2380952
       309001295000048        1295         309       12888.142
       309001295000042        1295         309       10820.418
       309023947000042       23947         309       10820.418
       309023947000049       23947         309       10820.418
       310000206000187         206         310       10820.418
       311001693037019        1693         311       2471.1667
       311001708002997        1708         311       7155.3750
       311001724000055        1724         311       7155.3750
       311001724000042        1724         311       5644.3500
       313000079000181          79         313       6860.9344
       313000079000186          79         313       6860.9344
       313000079000042          79         313       2.2380952
       313000079000042          79         313       2.2380952
       313000079000189          79         313       7155.3750
       313000079000184          79         313       8064.8390
       313000079000191          79         313       12888.142
       314000407000042         407         314       10820.418
       314000883000042         883         314       6860.9344
       314012995000067       12995         314       6860.9344
       314012995000042       12995         314       1025.5965
       315011557000071       11557         315       2471.1667
       315011557000085       11557         315       6860.9344
       319000120000108         120         319       6860.9344
       319000120000212         120         319       6860.9344
       319000120000223         120         319       6860.9344
       319000120000328         120         319       6860.9344
       319000120000042         120         319       652.21875
       319000120000121         120         319       10820.418
       319000120000076         120         319       10820.418
       319000120000323         120         319       12888.142
       319000120000074         120         319       8064.8390
       319000120000218         120         319       8064.8390
       319000120000113         120         319       8064.8390
       319000120000117         120         319       8064.8390
       319000120000608         120         319       8064.8390
       319000120000390         120         319       7155.3750
       319000120000208         120         319       7155.3750
       319000125000042         125         319       331.68421
       319000125000084         125         319       6860.9344
       319001751000042        1751         319       12888.142
       321000050000345          50         321       1025.5965
       323000059000042          59         323       1025.5965
       323007296000042        7296         323       5644.3500
       325010211000253       10211         325       10820.418
       326013941000042       13941         326       10820.418
       326013941000054       13941         326       8064.8390
       327019908001054       19908         327       10820.418
       329004881000042        4881         329       8064.8390
       329005947000042        5947         329       8064.8390
       330000078014813          78         330       10820.418
       336000787000042         787         336       8064.8390
       337000118000042         118         337       8.8684211
       337017819000042       17819         337       8064.8390
       337017819000048       17819         337       8064.8390
       337018001000042       18001         337       8064.8390
       339000080000061          80         339       8064.8390
       339000080000042          80         339       331.68421
       340000066000042          66         340       8.8684211
       340000066000124          66         340       6860.9344
       340000066000125          66         340       6860.9344
       340021219004546       21219         340       5644.3500
       340021219004557       21219         340       8064.8390
       340021219004561       21219         340       8064.8390
       340021257004867       21257         340       8064.8390
       340021257004556       21257         340       8064.8390
       340021257004481       21257         340       12888.142
       340021257004564       21257         340       6860.9344
       340021257004611       21257         340       6860.9344
       340021257004427       21257         340       331.68421
       344000218000042         218         344       12888.142
       346000512000042         512         346       8064.8390
       346000512000047         512         346       6860.9344
       347003975000042        3975         347       10820.418
       348000056000097          56         348       12888.142
       348000056000096          56         348       6860.9344
       348000056000042          56         348       60.928571
       350000102008375         102         350       331.68421
       350000102008448         102         350       6860.9344
       350000102008424         102         350       8064.8390
       350000102008462         102         350       7155.3750
       350000105000079         105         350       7155.3750
       350000105000097         105         350       8064.8390
       350000105000075         105         350       8064.8390
       350000105000092         105         350       6860.9344
       350000105000244         105         350       6860.9344
       350000105000573         105         350       5644.3500
       350000105000042         105         350       652.21875
       350000202000042         202         350       6860.9344
       352000055000250          55         352       12888.142
       352000444000042         444         352       8064.8390
       353000103000092         103         353       8064.8390
       353000103000196         103         353       8064.8390
       353000103000192         103         353       7155.3750
       353000103000200         103         353       7155.3750
       353000103000042         103         353       60.928571
       359012408001253       12408         359       8064.8390
       359012408001246       12408         359       12888.142
       361000078002511          78         361       8064.8390
       361000078002500          78         361       6860.9344
       362000119008982         119         362       1025.5965
       362000119009007         119         362       7155.3750
       362025133001452       25133         362       2471.1667
       362025133001466       25133         362       5644.3500
       364000079000081          79         364       6860.9344
       364000079000042          79         364       1025.5965
       364000156000042         156         364       1025.5965
       364026270000042       26270         364       8064.8390
       365000132019832         132         365       7155.3750
       365000132019738         132         365       331.68421
       365000427000042         427         365       5644.3500
       366000106006915         106         366       7155.3750
       366000106006910         106         366       10820.418
       366000121001502         121         366       6860.9344
       367000142033532         142         367       12888.142
       367000142033536         142         367       8064.8390
       367014417000492       14417         367       8064.8390
       367014417000566       14417         367       8064.8390
       367014417000271       14417         367       8064.8390
       367014417000091       14417         367       8064.8390
       367014417000067       14417         367       6860.9344
       367014417000143       14417         367       6860.9344
       367014417000265       14417         367       6860.9344
       367014417000474       14417         367       6860.9344
       368000026000042          26         368       2471.1667
       368010548001696       10548         368       6860.9344
       368010548000256       10548         368       8064.8390
       369000086058906          86         369       10820.418
       369000086058913          86         369       6860.9344
       369000147000108         147         369       8064.8390
       369006542000246        6542         369       8064.8390
       369006542000384        6542         369       8064.8390
       369006542000229        6542         369       12888.142
       369006542000387        6542         369       6860.9344
       369006542000089        6542         369       6860.9344
       369006542000042        6542         369       60.928571
       372000803000042         803         372       12888.142
       374019282000090       19282         374       8064.8390
       374019282000125       19282         374       8064.8390
       374019282004752       19282         374       8064.8390
       374019282000042       19282         374       331.68421
       374019282000096       19282         374       6860.9344
       374019282000119       19282         374       6860.9344
       374019282000085       19282         374       6860.9344
       375004475000042        4475         375       8064.8390
       375015328000069       15328         375       8064.8390
       375015328000070       15328         375       8064.8390
       375015328000214       15328         375       8064.8390
       375015328000121       15328         375       8064.8390
       375015328000125       15328         375       8064.8390
       375015328000076       15328         375       12888.142
       375015328000133       15328         375       12888.142
       375015328000175       15328         375       12888.142
       375015328000219       15328         375       6860.9344
       375015328000042       15328         375       331.68421
       375015328000150       15328         375       1025.5965
       377000435000042         435         377       5644.3500
       377018085000042       18085         377       8.8684211
       378000377000042         377         378       10820.418
       379000127000129         127         379       8064.8390
       379000127000224         127         379       8064.8390
       379000127000042         127         379       8.8684211
       379000127000124         127         379       6860.9344
       379000127000263         127         379       6860.9344
       381000202000475         202         381       1025.5965
       387016175000257       16175         387       1025.5965
       387016221000042       16221         387       5644.3500
       388000049023546          49         388       6860.9344
       388000049023537          49         388       12888.142
       389000660006047         660         389       1025.5965
       392000092000042          92         392       652.21875
       395000126000042         126         395       1025.5965
       395000531000042         531         395       5644.3500
       395000531000055         531         395       8064.8390
       398012861000042       12861         398       8064.8390
       399000164000101         164         399       12888.142
       399000164000094         164         399       10820.418
       399000164000108         164         399       10820.418
       399000164000093         164         399       6860.9344
       399000164000042         164         399       60.928571
       399011207004921       11207         399       2471.1667
       399011207004947       11207         399       6860.9344
       399011207004938       11207         399       8064.8390
       399011207004945       11207         399       7155.3750
       400006784000044        6784         400       6860.9344
       402000036000933          36         402       6860.9344
       402000036000812          36         402       8.8684211
       402000036001041          36         402       8064.8390
       402000036000905          36         402       8064.8390
       402019617000042       19617         402       5644.3500
       403022317001850       22317         403       2471.1667
       403022334000042       22334         403       2471.1667
       403022334000057       22334         403       6860.9344
       404000064000559          64         404       6860.9344
       404000064000285          64         404       8.8684211
       404000064000377          64         404       8064.8390
       404000064000435          64         404       12888.142
       407000569026355         569         407       1025.5965
       407022696000042       22696         407       8.8684211
       407022696000228       22696         407       6860.9344
       408000111001812         111         408       1025.5965
       408018645000285       18645         408       10820.418
       408018645000291       18645         408       8064.8390
       408018645000296       18645         408       8064.8390
       412000079000098          79         412       8064.8390
       412000079000169          79         412       8064.8390
       412000079000284          79         412       8064.8390
       412000079000042          79         412       60.928571
       412010675004237       10675         412       5644.3500
       414000107000402         107         414       2471.1667
       414012094000042       12094         414       5644.3500
       415000124000320         124         415       7155.3750
       415000675000042         675         415       10820.418
       416000069000207          69         416       10820.418
       416000069000227          69         416       6860.9344
       418000117000042         117         418       5644.3500
       421006380000907        6380         421       2471.1667
       422000106000042         106         422       1025.5965
       422000106000566         106         422       6860.9344
       423000125000102         125         423       6860.9344
       423000125000042         125         423       5644.3500
       425019679018543       19679         425       10820.418
       426000139000070         139         426       8064.8390
       426000139000093         139         426       8064.8390
       426000139000099         139         426       8064.8390
       426000139000132         139         426       8064.8390
       426000139000042         139         426       652.21875
       427017604000042       17604         427       10820.418
       429000104053430         104         429       1025.5965
       430008533000042        8533         430       2.2380952
       430008533000179        8533         430       8064.8390
       430008535000116        8535         430       8064.8390
       430008535000042        8535         430       331.68421
       430008535000288        8535         430       6860.9344
       430008535000766        8535         430       6860.9344
       430009599002654        9599         430       6860.9344
       430009599002660        9599         430       6860.9344
       430009599002663        9599         430       8064.8390
       430009599002820        9599         430       12888.142
       431000183084112         183         431       8064.8390
       431000183084120         183         431       8064.8390
       431000183084127         183         431       8064.8390
       431000183084145         183         431       8064.8390
       431000183084167         183         431       8064.8390
       431000183084211         183         431       8064.8390
       431000183084111         183         431       7155.3750
       431000183084273         183         431       6860.9344
       431000183084205         183         431       6860.9344
       431000183084019         183         431       8.8684211
       431000185001567         185         431       8.8684211
       431000185001675         185         431       6860.9344
       431000185001674         185         431       7155.3750
       431000185001687         185         431       8064.8390
       431000185001680         185         431       12888.142
       433000102000042         102         433       12888.142
       433013790011915       13790         433       6860.9344
       433013962000047       13962         433       6860.9344
       433013962000042       13962         433       12888.142
       436000075025541          75         436       8064.8390
       436000563000042         563         436       10820.418
       436017494000152       17494         436       8064.8390
       436017494000236       17494         436       8064.8390
       436017494000250       17494         436       8064.8390
       436017494000164       17494         436       8064.8390
       436017494000150       17494         436       7155.3750
       436017494000232       17494         436       7155.3750
       436017494000151       17494         436       6860.9344
       436017494000156       17494         436       6860.9344
       436017494000157       17494         436       6860.9344
       436017494000158       17494         436       6860.9344
       436017494000169       17494         436       6860.9344
       436017494000240       17494         436       6860.9344
       436017494000243       17494         436       6860.9344
       437005148140541        5148         437       331.68421
       437005184000042        5184         437       10820.418
       438000125000128         125         438       12888.142
       438000125000121         125         438       8064.8390
       438000125000330         125         438       8064.8390
       438000125000042         125         438       60.928571
       438000125000082         125         438       2471.1667
       438000125000117         125         438       6860.9344
       438000125000126         125         438       6860.9344
       438000125000430         125         438       6860.9344
       438000130000102         130         438       6860.9344
       438000130000139         130         438       6860.9344
       438000130000042         130         438       331.68421
       438000130000441         130         438       8064.8390
       438025578000042       25578         438       12888.142
       438025578000045       25578         438       12888.142
       438025578000051       25578         438       6860.9344
       440002450000042        2450         440       8064.8390
       440024802000042       24802         440       12888.142
       447022816000280       22816         447       10820.418
       447022816000211       22816         447       8064.8390
       447022816000376       22816         447       8064.8390
       447022816000180       22816         447       7155.3750
       447022816000206       22816         447       7155.3750
       447022816000042       22816         447       8.8684211
       449001518000042        1518         449       1025.5965
       449005945000042        5945         449       8064.8390
       450002093000042        2093         450       10820.418
       451000079000165          79         451       12888.142
       451000079000210          79         451       12888.142
       451000079000201          79         451       8064.8390
       451000079000042          79         451       2.2380952
       451000079000137          79         451       6860.9344
       457000414000076         414         457       7155.3750
       457000414000042         414         457       12888.142
       457006913000095        6913         457       7155.3750
       457006913000092        6913         457       6860.9344
       457006913000079        6913         457       1025.5965
       458000123000042         123         458       652.21875
       458000123000061         123         458       12888.142
       459001159001926        1159         459       2471.1667
       461000081000042          81         461       8.8684211
       461000081000159          81         461       6860.9344
       461000081000125          81         461       12888.142
       461000081000167          81         461       10820.418
       461000081000124          81         461       7155.3750
       461000081000130          81         461       7155.3750
       461000081000135          81         461       8064.8390
       461000081000158          81         461       8064.8390
       461024647000042       24647         461       12888.142
       464001492000081        1492         464       8064.8390
       464001492000429        1492         464       8064.8390
       464001492000076        1492         464       6860.9344
       464001492000042        1492         464       652.21875
       464001637000042        1637         464       2471.1667
       464003002000042        3002         464       12888.142
       465001635006680        1635         465       2471.1667
       465001981000042        1981         465       6860.9344
       465001981000047        1981         465       8064.8390
       466001066000042        1066         466       8064.8390
       467000098000060          98         467       8064.8390
       467000098000068          98         467       8064.8390
       467000098001002          98         467       6860.9344
       467000098000042          98         467       652.21875
       467001003000042        1003         467       2471.1667
       468001481000169        1481         468       6860.9344
       468001481000546        1481         468       8064.8390
       470000166000094         166         470       6860.9344
       470000166000178         166         470       6860.9344
       470000166000183         166         470       6860.9344
       470000166000223         166         470       6860.9344
       470000166000042         166         470       60.928571
       471000221001194         221         471       6860.9344
       471000221001188         221         471       7155.3750
       478003929000065        3929         478       8064.8390
       478003929000042        3929         478       652.21875
       479000136000360         136         479       5644.3500
       479002343000042        2343         479       8.8684211
       479002343000173        2343         479       6860.9344
       479002343000215        2343         479       6860.9344
       479002343000119        2343         479       6860.9344
       479002343000141        2343         479       6860.9344
       479002343000261        2343         479       8064.8390
       479002343000207        2343         479       8064.8390
       479002343000146        2343         479       8064.8390
       479002343000153        2343         479       8064.8390
       479002343000283        2343         479       10820.418
       479002346029163        2346         479       12888.142
       482000078000205          78         482       8064.8390
       482000078000207          78         482       8064.8390
       482000078000042          78         482       2.2380952
       482023433000042       23433         482       60.928571
       482023433000112       23433         482       12888.142
       482023433000252       23433         482       10820.418
       484000041018875          41         484       1025.5965
       484015130000042       15130         484       8.8684211
       484015130000130       15130         484       6860.9344
       484015130000124       15130         484       8064.8390
       484015130000127       15130         484       8064.8390
       485008674004247        8674         485       8064.8390
       485008674004229        8674         485       2471.1667
       486000114000042         114         486       331.68421
       486000114000080         114         486       8064.8390
       486000114000104         114         486       8064.8390
       486000114000083         114         486       7155.3750
       486000114000111         114         486       10820.418
       486015437000042       15437         486       10820.418
       486015437000049       15437         486       6860.9344
       489000127000068         127         489       6860.9344
       489000127000042         127         489       1025.5965
       492000214000042         214         492       10820.418
       495000173000523         173         495       5644.3500
       496001083000116        1083         496       2471.1667
       497000104000042         104         497       5644.3500
       497003425042193        3425         497       60.928571
       497003425008572        3425         497       8.8684211
       497003425042404        3425         497       6860.9344
       497003425042413        3425         497       6860.9344
       497003425042695        3425         497       6860.9344
       497003425042812        3425         497       6860.9344
       497003425043304        3425         497       6860.9344
       497003425042355        3425         497       12888.142
       497003425042363        3425         497       12888.142
       497003425008667        3425         497       7155.3750
       497003425008668        3425         497       8064.8390
       497003425042267        3425         497       8064.8390
       497003776000042        3776         497       12888.142
       497003776000048        3776         497       12888.142
       499008626000446        8626         499       12888.142
       499008626000444        8626         499       8064.8390
       499008626000242        8626         499       8064.8390
       499008626000235        8626         499       6860.9344
       499008626000250        8626         499       6860.9344
       500013362000163       13362         500       6860.9344
       500013362000042       13362         500       8.8684211
       500013362000138       13362         500       8064.8390
       500013362000156       13362         500       8064.8390
       500013362000159       13362         500       8064.8390
       500013362000239       13362         500       8064.8390
       500013362000145       13362         500       10820.418
       500013406000042       13406         500       1025.5965
       508000125000042         125         508       2.2380952
       508000125000327         125         508       6860.9344
       508000125000380         125         508       6860.9344
       508000125000447         125         508       6860.9344
       508000125000186         125         508       8064.8390
       508000125000228         125         508       8064.8390
       508000125000453         125         508       8064.8390
       508000125000462         125         508       8064.8390
       508011902002802       11902         508       6860.9344
       508011902002807       11902         508       6860.9344
       508011902002737       11902         508       8064.8390
       508011902002706       11902         508       10820.418
       508011902002814       11902         508       8064.8390
       508011902003081       11902         508       8064.8390
       508011902003091       11902         508       8064.8390
       508011902002688       11902         508       8064.8390
       508011902002689       11902         508       8064.8390
       508011902002700       11902         508       8064.8390
       508011902002633       11902         508       331.68421
       510000318000042         318         510       1025.5965
       510001492000042        1492         510       12888.142
