        1145
              88000032          88           0       4418.5455
              88000098          88           0       9040.2274
              88000224          88           0       9040.2274
         3001252000032        1252           3       9040.2274
         7000207000032         207           7       23700.733
         9000813000032         813           9       9040.2274
        10000721000032         721          10       23700.733
        11000080001304          80          11       23536.700
        11000080001078          80          11       23536.700
        11000080002686          80          11       23536.700
        11000080001076          80          11       9195.5032
        11000080001065          80          11       9195.5032
        11000080001058          80          11       9195.5032
        11000080001278          80          11       9195.5032
        11000080001509          80          11       9195.5032
        11000080001492          80          11       9195.5032
        11000080001742          80          11       9195.5032
        11000080002670          80          11       9195.5032
        11000080001475          80          11       9040.2274
        11000080001500          80          11       9040.2274
        11000080001280          80          11       9040.2274
        11000080001288          80          11       9040.2274
        11000080001296          80          11       9040.2274
        11000080000032          80          11       8.1428571
        11000080001748          80          11       9040.2274
        11000080001068          80          11       9040.2274
        11000080001056          80          11       9040.2274
        12000052002348          52          12       9040.2274
        12000052002671          52          12       9040.2274
        12000052000503          52          12       9040.2274
        12000052000502          52          12       9040.2274
        12000052000032          52          12       98.545455
        12000052005180          52          12       9040.2274
        12000052003603          52          12       9040.2274
        12000052003627          52          12       9040.2274
        12000052004197          52          12       9040.2274
        12000052004225          52          12       9040.2274
        12000052000548          52          12       9040.2274
        12000052000561          52          12       9040.2274
        12000052000660          52          12       9040.2274
        12000052002341          52          12       9195.5032
        12000052004158          52          12       9195.5032
        12000052003591          52          12       9195.5032
        12000052018500          52          12       23536.700
        12000052004236          52          12       57753.824
        13000060000107          60          13       9195.5032
        13000060000032          60          13       4418.5455
        18003474000032        3474          18       23536.700
        20006696000032        6696          20       21086.556
        20007503000032        7503          20       57753.824
        21000063001360          63          21       57753.824
        21000063001254          63          21       23536.700
        21000063002222          63          21       23536.700
        21000063002207          63          21       9195.5032
        21000063001356          63          21       9195.5032
        21000063001327          63          21       9195.5032
        21000063001229          63          21       9195.5032
        21000063001227          63          21       9195.5032
        21000063001237          63          21       9195.5032
        21000063001265          63          21       9195.5032
        21000063000032          63          21       33.555556
        21000063001241          63          21       9040.2274
        21000063001231          63          21       9040.2274
        21000063001337          63          21       9040.2274
        21000063001345          63          21       9040.2274
        21000063001771          63          21       9040.2274
        21000063001784          63          21       9040.2274
        21000063001792          63          21       9040.2274
        21000063001267          63          21       9040.2274
        23003330008741        3330          23       9040.2274
        23003330009186        3330          23       9040.2274
        23003330037119        3330          23       9040.2274
        23003330007350        3330          23       9040.2274
        23003330007402        3330          23       9040.2274
        23003330027238        3330          23       9040.2274
        23003330000985        3330          23       9040.2274
        23003330001001        3330          23       9040.2274
        23003330001008        3330          23       9040.2274
        23003330001012        3330          23       9040.2274
        23003330001031        3330          23       9040.2274
        23003330001052        3330          23       9040.2274
        23003330001057        3330          23       9040.2274
        23003330001571        3330          23       9040.2274
        23003330002413        3330          23       9040.2274
        23003330002440        3330          23       9040.2274
        23003330002452        3330          23       9040.2274
        23003330003760        3330          23       9040.2274
        23003330003785        3330          23       9040.2274
        23003330004450        3330          23       9040.2274
        23003330004470        3330          23       9040.2274
        23003330004478        3330          23       9040.2274
        23003330004492        3330          23       9040.2274
        23003330004978        3330          23       9040.2274
        23003330004987        3330          23       9040.2274
        23003330005319        3330          23       9040.2274
        23003330005382        3330          23       9040.2274
        23003330000703        3330          23       9040.2274
        23003330000698        3330          23       9040.2274
        23003330000691        3330          23       9040.2274
        23003330000686        3330          23       9040.2274
        23003330000678        3330          23       9040.2274
        23003330000672        3330          23       9040.2274
        23003330007839        3330          23       9195.5032
        23003330007917        3330          23       9195.5032
        23003330008727        3330          23       9195.5032
        23003330001624        3330          23       9195.5032
        23003330004951        3330          23       9195.5032
        23003330000667        3330          23       9195.5032
        23003330000664        3330          23       9195.5032
        23003330000658        3330          23       9195.5032
        23003330000654        3330          23       9195.5032
        23003330000681        3330          23       9195.5032
        23003330005337        3330          23       9195.5032
        23003330004964        3330          23       9195.5032
        23003330004432        3330          23       9195.5032
        23003330002463        3330          23       9195.5032
        23003330003727        3330          23       9195.5032
        23003330002424        3330          23       9195.5032
        23003330001586        3330          23       9195.5032
        23003330010118        3330          23       23536.700
        23003330001064        3330          23       23536.700
        23003330001037        3330          23       23536.700
        23003330003770        3330          23       23536.700
        23003330001021        3330          23       23536.700
        23003330001082        3330          23       57753.824
        23003330036079        3330          23       57753.824
        27002713000032        2713          27       9040.2274
        31000109000744         109          31       4418.5455
        39000067000032          67          39       4425.8000
        39000067000276          67          39       9040.2274
        39000067000193          67          39       9040.2274
        39000067000194          67          39       9040.2274
        39000067000252          67          39       23536.700
        39000067000317          67          39       23536.700
        39000068000032          68          39       14058.143
        60004544000032        4544          60       9040.2274
        65000036000754          36          65       9040.2274
        65000036001876          36          65       9040.2274
        65000036000078          36          65       9040.2274
        65000036000084          36          65       9040.2274
        65000036000675          36          65       9040.2274
        65000036000076          36          65       9195.5032
        65000036000379          36          65       9195.5032
        65000036001518          36          65       9195.5032
        65000036002561          36          65       9195.5032
        65000036000388          36          65       23536.700
        65000036000663          36          65       23536.700
        65000036000156          36          65       40366.125
        69009433000032        9433          69       40366.125
        71000086000376          86          71       9195.5032
        71000086000394          86          71       9195.5032
        71000086000445          86          71       23536.700
        71000086000242          86          71       9040.2274
        71000086000250          86          71       9040.2274
        71000086000032          86          71       1331.4286
        71000086000774          86          71       9040.2274
        72002648000032        2648          72       9040.2274
        73000064000803          64          73       9040.2274
        73000064000815          64          73       9040.2274
        73000064000825          64          73       9040.2274
        73000064000901          64          73       9040.2274
        73000064000906          64          73       9040.2274
        73000064001185          64          73       9040.2274
        73000064001194          64          73       9040.2274
        73000064001204          64          73       9040.2274
        73000064001333          64          73       9040.2274
        73000064001774          64          73       9040.2274
        73000064002789          64          73       9040.2274
        73000064000032          64          73       98.545455
        73000064000741          64          73       9040.2274
        73000064000767          64          73       9040.2274
        73000064003020          64          73       9195.5032
        73000064000989          64          73       9195.5032
        73000064001748          64          73       9195.5032
        73000064001763          64          73       9195.5032
        73000064000986          64          73       9195.5032
        73000064001011          64          73       40366.125
        73000064000742          64          73       23536.700
        73000064000753          64          73       23536.700
        73002004000032        2004          73       23536.700
        73004195000032        4195          73       9040.2274
        75003792000032        3792          75       9040.2274
        78000112000543         112          78       9040.2274
        78000112000557         112          78       9040.2274
        78000112000579         112          78       9040.2274
        78000112000758         112          78       9040.2274
        78000112000891         112          78       9040.2274
        78000112001104         112          78       9040.2274
        78000112001111         112          78       9040.2274
        78000112002102         112          78       9195.5032
        78000112000905         112          78       9195.5032
        78000112000746         112          78       9195.5032
        78000112001140         112          78       23536.700
        78000112003798         112          78       23536.700
        81000008000032           8          81       9040.2274
        81000250000032         250          81       23700.733
        81010989000145       10989          81       23536.700
        83000081002538          81          83       23536.700
        83000081000889          81          83       57753.824
        83000081011646          81          83       9195.5032
        83000081018150          81          83       9195.5032
        83000081006528          81          83       9195.5032
        83000081005407          81          83       9195.5032
        83000081000643          81          83       9195.5032
        83000081002496          81          83       9195.5032
        83000081000858          81          83       9195.5032
        83000081000880          81          83       23536.700
        83000081000629          81          83       23536.700
        83000081011543          81          83       9195.5032
        83000081010314          81          83       9195.5032
        83000081000611          81          83       9195.5032
        83000081000972          81          83       9195.5032
        83000081000623          81          83       9040.2274
        83000081002508          81          83       9040.2274
        83000081002524          81          83       9040.2274
        83000081002951          81          83       9040.2274
        83000081002981          81          83       9040.2274
        83000081005393          81          83       9040.2274
        83000081000793          81          83       9040.2274
        83000081006103          81          83       9040.2274
        83000081006125          81          83       9040.2274
        83000081006147          81          83       9040.2274
        83000081009127          81          83       9040.2274
        85020282000032       20282          85       40366.125
        89003706000032        3706          89       21086.556
        90000057000602          57          90       14058.143
        90000057000655          57          90       9040.2274
        90001127051880        1127          90       4425.8000
        90001127052067        1127          90       70929.688
        90001229000032        1229          90       14058.143
        90001229000153        1229          90       9040.2274
        99000181000087         181          99       9040.2274
        99000181000032         181          99       40366.125
       112010220000032       10220         112       9040.2274
       115000120000153         120         115       1331.4286
       115000120000776         120         115       9195.5032
       118000333000869         333         118       23536.700
       126003958000032        3958         126       21086.556
       128008178002002        8178         128       23536.700
       128008178002195        8178         128       9195.5032
       128008178002572        8178         128       9195.5032
       128008178001998        8178         128       9195.5032
       128008178001693        8178         128       23536.700
       128008178000032        8178         128       8.1428571
       128008178002550        8178         128       9040.2274
       128008178002563        8178         128       9040.2274
       128008178001678        8178         128       9040.2274
       128008178001699        8178         128       9040.2274
       132000066000032          66         132       4418.5455
       134007749000032        7749         134       23700.733
       158006584000032        6584         158       23536.700
       161001847000032        1847         161       23536.700
       162000048056813          48         162       23536.700
       162000048056316          48         162       23536.700
       162000048056682          48         162       9195.5032
       162000048056800          48         162       9195.5032
       162000048056790          48         162       9195.5032
       162000048056809          48         162       9195.5032
       162000048055918          48         162       570.33333
       162000048056363          48         162       9040.2274
       162000048056913          48         162       9040.2274
       162000048056924          48         162       9040.2274
       162000048056840          48         162       9040.2274
       162000048056794          48         162       9040.2274
       162000048057181          48         162       9040.2274
       162000048056992          48         162       9040.2274
       168008679013259        8679         168       4418.5455
       168008679013473        8679         168       9195.5032
       170002895000032        2895         170       57753.824
       172000363005202         363         172       23536.700
       172000363000966         363         172       23536.700
       172000363000951         363         172       23536.700
       172000363000769         363         172       9195.5032
       172000363000749         363         172       9195.5032
       172000363000738         363         172       9195.5032
       172000363001296         363         172       9195.5032
       172000363003784         363         172       9195.5032
       172000363007896         363         172       9195.5032
       172000363004307         363         172       9195.5032
       172000363003172         363         172       9195.5032
       172000363002374         363         172       9195.5032
       172000363002362         363         172       9195.5032
       172000363000911         363         172       9195.5032
       172000363000780         363         172       23536.700
       172000363000771         363         172       23536.700
       172000363000032         363         172       33.555556
       172000363001278         363         172       9040.2274
       172000363003755         363         172       9040.2274
       172000363000764         363         172       9040.2274
       172000363000757         363         172       9040.2274
       172000363000740         363         172       9040.2274
       172000363000777         363         172       9040.2274
       172000363006293         363         172       9040.2274
       172000363001310         363         172       9040.2274
       172000363001336         363         172       9040.2274
       172000363002380         363         172       9040.2274
       172000363002816         363         172       9040.2274
       172000363003156         363         172       9040.2274
       172000363000920         363         172       9040.2274
       172000363000930         363         172       9040.2274
       172000363000937         363         172       9040.2274
       172000363000946         363         172       9040.2274
       172000363000959         363         172       9040.2274
       172000363001284         363         172       9040.2274
       172000363001289         363         172       9040.2274
       172001627000032        1627         172       40366.125
       174000103002430         103         174       4425.8000
       174000223000032         223         174       4418.5455
       178000416000032         416         178       40366.125
       179000584000032         584         179       40366.125
       182000213000032         213         182       4418.5455
       182019302000032       19302         182       40366.125
       184000215000032         215         184       23700.733
       184000215000051         215         184       9195.5032
       184000215000075         215         184       9040.2274
       184012678000032       12678         184       21086.556
       185015305000510       15305         185       9195.5032
       185015305000380       15305         185       9195.5032
       185015305000127       15305         185       9195.5032
       185015305000111       15305         185       9040.2274
       185015305000857       15305         185       9040.2274
       190004677000032        4677         190       23700.733
       191000138000113         138         191       23536.700
       191000138000200         138         191       9195.5032
       191000138000032         138         191       14058.143
       191000138000102         138         191       9195.5032
       197000370000032         370         197       23700.733
       200016382000032       16382         200       23700.733
       200016382000104       16382         200       9195.5032
       204011686004117       11686         204       9195.5032
       204011686009758       11686         204       9195.5032
       204011686005401       11686         204       9195.5032
       204011686006354       11686         204       9195.5032
       204011686006723       11686         204       9195.5032
       204011686003823       11686         204       9195.5032
       204011686003828       11686         204       9195.5032
       204011686009747       11686         204       9195.5032
       204011686006713       11686         204       9195.5032
       204011686004684       11686         204       9195.5032
       204011686003891       11686         204       23536.700
       204011686006400       11686         204       23536.700
       204011686006413       11686         204       23536.700
       204011686005742       11686         204       23536.700
       204011686005769       11686         204       23536.700
       204011686006741       11686         204       70929.688
       204011686004752       11686         204       70929.688
       204011686004124       11686         204       9040.2274
       204011686005414       11686         204       9040.2274
       204011686005439       11686         204       9040.2274
       204011686005677       11686         204       9040.2274
       204011686005699       11686         204       9040.2274
       204011686006367       11686         204       9040.2274
       204011686006379       11686         204       9040.2274
       204011686006389       11686         204       9040.2274
       204011686006677       11686         204       9040.2274
       204011686006697       11686         204       9040.2274
       204011686009706       11686         204       9040.2274
       204011686004402       11686         204       9040.2274
       204011686004408       11686         204       9040.2274
       204011686004701       11686         204       9040.2274
       204011686004713       11686         204       9040.2274
       204011686004113       11686         204       9040.2274
       204011686005391       11686         204       9040.2274
       204011686003210       11686         204       98.545455
       204011686003824       11686         204       9040.2274
       204011686003815       11686         204       9040.2274
       204011686009770       11686         204       9040.2274
       204011686009803       11686         204       9040.2274
       213000143001584         143         213       9040.2274
       213000143002118         143         213       9040.2274
       213000143002654         143         213       9040.2274
       213000143003254         143         213       9040.2274
       213000143001361         143         213       9040.2274
       213000143000032         143         213       33.555556
       213000143001576         143         213       9040.2274
       213000143001875         143         213       9040.2274
       213000143001899         143         213       9040.2274
       213000143003072         143         213       9040.2274
       213000143001376         143         213       70929.688
       213000143001586         143         213       23536.700
       213000143001606         143         213       23536.700
       213000143001889         143         213       23536.700
       213000143001881         143         213       9195.5032
       213000143002301         143         213       9195.5032
       213000143001362         143         213       23536.700
       213000143001374         143         213       9195.5032
       213000143003843         143         213       9195.5032
       214009961000032        9961         214       21086.556
       215007144000032        7144         215       23700.733
       216005324001231        5324         216       23536.700
       216005324000890        5324         216       9195.5032
       216005324001216        5324         216       9195.5032
       216005324001220        5324         216       9195.5032
       216005324001777        5324         216       9195.5032
       216005324001967        5324         216       9040.2274
       216005324003060        5324         216       9040.2274
       216005324000032        5324         216       33.555556
       216005324000831        5324         216       9040.2274
       216005324000828        5324         216       9040.2274
       216005324000817        5324         216       9040.2274
       216005324000809        5324         216       9040.2274
       217003992003970        3992         217       9040.2274
       217003992003838        3992         217       4418.5455
       226002001000032        2001         226       57753.824
       226023527000032       23527         226       23536.700
       226029714000032       29714         226       9040.2274
       227001014000047        1014         227       9040.2274
       227001014000032        1014         227       57753.824
       232003545000032        3545         232       23536.700
       237000097004699          97         237       23536.700
       237000097004699          97         237       23536.700
       237000097005528          97         237       23536.700
       237000097005528          97         237       23536.700
       237000097004709          97         237       57753.824
       237000097004709          97         237       57753.824
       237000097013181          97         237       9195.5032
       237000097005181          97         237       9195.5032
       237000097005181          97         237       9195.5032
       237000097008331          97         237       9195.5032
       237000097005901          97         237       9195.5032
       237000097005901          97         237       9195.5032
       237000097004687          97         237       9195.5032
       237000097004687          97         237       9195.5032
       237000097004572          97         237       9195.5032
       237000097004572          97         237       9195.5032
       237000097004677          97         237       9195.5032
       237000097004677          97         237       9195.5032
       237000097004591          97         237       23536.700
       237000097004591          97         237       23536.700
       237000097005519          97         237       23536.700
       237000097005519          97         237       23536.700
       237000097003167          97         237       33.555556
       237000097003167          97         237       33.555556
       237000097004693          97         237       9040.2274
       237000097004693          97         237       9040.2274
       237000097006047          97         237       9040.2274
       237000097004568          97         237       9040.2274
       237000097004568          97         237       9040.2274
       237000097004578          97         237       9040.2274
       237000097004578          97         237       9040.2274
       237000097004586          97         237       9040.2274
       237000097004586          97         237       9040.2274
       237000097005193          97         237       9040.2274
       237000097005193          97         237       9040.2274
       237000097005894          97         237       9040.2274
       237000097005894          97         237       9040.2274
       237000097005908          97         237       9040.2274
       237000097005908          97         237       9040.2274
       237000097005917          97         237       9040.2274
       237000097005917          97         237       9040.2274
       237000097006059          97         237       9040.2274
       237000097006679          97         237       9040.2274
       237000097010689          97         237       9040.2274
       239023372034599       23372         239       9040.2274
       239023372034605       23372         239       9040.2274
       239023372034616       23372         239       9040.2274
       239023372034745       23372         239       9040.2274
       239023372034755       23372         239       9040.2274
       239023372034766       23372         239       9040.2274
       239023372034622       23372         239       9040.2274
       239023372033362       23372         239       33.555556
       239023372034404       23372         239       9040.2274
       239023372034390       23372         239       9040.2274
       239023372034384       23372         239       9040.2274
       239023372034383       23372         239       9040.2274
       239023372034741       23372         239       9040.2274
       239023372034590       23372         239       9040.2274
       239023372034396       23372         239       23536.700
       239023372034575       23372         239       9195.5032
       239023372034579       23372         239       9195.5032
       239023372034381       23372         239       9195.5032
       239023372034410       23372         239       23536.700
       240000032000293          32         240       9195.5032
       240000032000386          32         240       9195.5032
       240000032000344          32         240       9195.5032
       240000032000032          32         240       1331.4286
       240000032000352          32         240       9040.2274
       240000032000397          32         240       9040.2274
       243012881000032       12881         243       23536.700
       253000171009592         171         253       4425.8000
       257000034000032          34         257       33.555556
       257000034001112          34         257       9040.2274
       257000034001114          34         257       9040.2274
       257000034001009          34         257       9040.2274
       257000034004004          34         257       9040.2274
       257000034001122          34         257       9040.2274
       257000034001131          34         257       9195.5032
       257000034001349          34         257       9195.5032
       257000034001896          34         257       9195.5032
       257000034001118          34         257       9195.5032
       257000034002360          34         257       9195.5032
       257000034002468          34         257       9195.5032
       257000119000492         119         257       70929.688
       257000398000032         398         257       23700.733
       257000398000060         398         257       9195.5032
       257000398000064         398         257       9195.5032
       259001305000737        1305         259       9195.5032
       259001305000490        1305         259       9195.5032
       259001305000651        1305         259       9040.2274
       259001305001492        1305         259       9040.2274
       259001305000728        1305         259       9040.2274
       259001305000146        1305         259       570.33333
       259001307000032        1307         259       98.545455
       259001307000707        1307         259       9040.2274
       259001307000570        1307         259       9040.2274
       259001307000717        1307         259       9040.2274
       259001307001275        1307         259       9040.2274
       259001307001920        1307         259       9040.2274
       259001307000908        1307         259       9195.5032
       259001307001727        1307         259       9195.5032
       259001307001054        1307         259       23536.700
       261009708000032        9708         261       57753.824
       265009968000032        9968         265       23700.733
       268001639000032        1639         268       40366.125
       274004441000137        4441         274       23536.700
       274004441000032        4441         274       21086.556
       277020311000436       20311         277       9195.5032
       277020311000458       20311         277       57753.824
       277020311000032       20311         277       570.33333
       278000917000032         917         278       23536.700
       282006455000032        6455         282       57753.824
       282006455000067        6455         282       9195.5032
       282006455000042        6455         282       9040.2274
       290000054000454          54         290       9040.2274
       290000054001468          54         290       9040.2274
       290000054000865          54         290       9040.2274
       290000054001695          54         290       9040.2274
       290000054000032          54         290       570.33333
       290000054000306          54         290       9040.2274
       290000054000815          54         290       9195.5032
       290000054000855          54         290       9195.5032
       290000054000465          54         290       23536.700
       290000054000946          54         290       23536.700
       290000054000307          54         290       23536.700
       294002858000032        2858         294       57753.824
       294006781000032        6781         294       23536.700
       300003562010475        3562         300       40366.125
       301000112001414         112         301       70929.688
       309002410000032        2410         309       70929.688
       309002410000047        2410         309       9195.5032
       311002120000032        2120         311       23700.733
       312000056000647          56         312       23536.700
       312000056000841          56         312       23536.700
       312000056000977          56         312       70929.688
       312000056000401          56         312       9195.5032
       312000056000406          56         312       9195.5032
       312000056001507          56         312       9195.5032
       312000056000643          56         312       9195.5032
       312000056000539          56         312       9195.5032
       312000056000388          56         312       23536.700
       312000056000535          56         312       23536.700
       312000056000032          56         312       98.545455
       312000056002799          56         312       9040.2274
       312000056001227          56         312       9040.2274
       312000056001207          56         312       9040.2274
       312000056001186          56         312       9040.2274
       312000056000396          56         312       9040.2274
       312000056001009          56         312       9040.2274
       312000056001484          56         312       9040.2274
       312000056000520          56         312       9040.2274
       314000099000993          99         314       9195.5032
       314000099000266          99         314       9195.5032
       318000641000041         641         318       9195.5032
       318000641000032         641         318       23536.700
       318000641000107         641         318       9040.2274
       319000153000580         153         319       9040.2274
       319000153000569         153         319       9040.2274
       319000153000446         153         319       9040.2274
       327019991000032       19991         327       21086.556
       330000725000032         725         330       23536.700
       333009602000032        9602         333       570.33333
       338005488000032        5488         338       23536.700
       339018509000174       18509         339       23700.733
       341000117011445         117         341       23536.700
       341000117003399         117         341       23536.700
       341000117007028         117         341       23536.700
       341000117005898         117         341       40366.125
       341000117003051         117         341       57753.824
       341000117003058         117         341       57753.824
       341000117003071         117         341       57753.824
       341000117003917         117         341       23536.700
       341000117004390         117         341       23536.700
       341000117004411         117         341       23536.700
       341000117006402         117         341       23536.700
       341000117006465         117         341       23536.700
       341000117002652         117         341       23536.700
       341000117006374         117         341       9195.5032
       341000117006294         117         341       9195.5032
       341000117005845         117         341       9195.5032
       341000117005801         117         341       9195.5032
       341000117010847         117         341       9195.5032
       341000117008122         117         341       9195.5032
       341000117009237         117         341       9195.5032
       341000117002623         117         341       9195.5032
       341000117002675         117         341       9195.5032
       341000117002671         117         341       9195.5032
       341000117003012         117         341       9195.5032
       341000117002968         117         341       9195.5032
       341000117002980         117         341       9195.5032
       341000117002984         117         341       9195.5032
       341000117000032         117         341       6.0000000
       341000117004367         117         341       9040.2274
       341000117002649         117         341       9040.2274
       341000117002643         117         341       9040.2274
       341000117002640         117         341       9040.2274
       341000117002635         117         341       9040.2274
       341000117002665         117         341       9040.2274
       341000117004379         117         341       9040.2274
       341000117005221         117         341       9040.2274
       341000117004337         117         341       9040.2274
       341000117006445         117         341       9040.2274
       341000117003393         117         341       9040.2274
       341000117003388         117         341       9040.2274
       341000117007063         117         341       9040.2274
       341000117002993         117         341       9040.2274
       341000117003002         117         341       9040.2274
       341000117003024         117         341       9040.2274
       341000117003033         117         341       9040.2274
       341000117003036         117         341       9040.2274
       341000117003043         117         341       9040.2274
       341000117003811         117         341       9040.2274
       341000117003862         117         341       9040.2274
       341000117003880         117         341       9040.2274
       341000117008146         117         341       9195.5032
       341000117008070         117         341       9195.5032
       341000117002956         117         341       9040.2274
       341000117008134         117         341       9040.2274
       344000322000074         322         344       9195.5032
       344000322000032         322         344       40366.125
       345001327000032        1327         345       23536.700
       359000104010720         104         359       23536.700
       359000104017285         104         359       23536.700
       359000104000535         104         359       9195.5032
       359000104000537         104         359       9195.5032
       359000104010679         104         359       9195.5032
       359000104010678         104         359       9195.5032
       359000104000870         104         359       9195.5032
       359000104005982         104         359       9195.5032
       359000104001109         104         359       9195.5032
       359000104000625         104         359       9040.2274
       359000104000628         104         359       9040.2274
       359000104000638         104         359       9040.2274
       359000104000645         104         359       9040.2274
       359000104001101         104         359       9040.2274
       359000104001162         104         359       9040.2274
       359000104001328         104         359       9040.2274
       359000104000540         104         359       9040.2274
       359000104010768         104         359       9040.2274
       359000104010773         104         359       9040.2274
       359000104010688         104         359       9040.2274
       359000104000557         104         359       9040.2274
       359000104000556         104         359       9040.2274
       359000104000547         104         359       9040.2274
       359000104000032         104         359       98.545455
       359000104010437         104         359       1331.4286
       359000198000032         198         359       14058.143
       359000198000088         198         359       9195.5032
       367000142016167         142         367       9195.5032
       367000142017786         142         367       9195.5032
       367000142015819         142         367       570.33333
       367000142016257         142         367       9040.2274
       367000142017093         142         367       9040.2274
       367000142016681         142         367       9040.2274
       367000142017114         142         367       9040.2274
       367000142017412         142         367       9040.2274
       367000142017419         142         367       9195.5032
       378001097000032        1097         378       40366.125
       388000049002868          49         388       57753.824
       388000049002868          49         388       57753.824
       388000049002868          49         388       57753.824
       388000049002868          49         388       57753.824
       388000049001242          49         388       57753.824
       388000049001242          49         388       57753.824
       388000049001242          49         388       57753.824
       388000049001242          49         388       57753.824
       388000049032939          49         388       23536.700
       388000049032939          49         388       23536.700
       388000049032939          49         388       23536.700
       388000049030236          49         388       23536.700
       388000049030236          49         388       23536.700
       388000049005730          49         388       23536.700
       388000049005730          49         388       23536.700
       388000049005730          49         388       23536.700
       388000049005730          49         388       23536.700
       388000049025861          49         388       23536.700
       388000049025861          49         388       23536.700
       388000049025861          49         388       23536.700
       388000049025861          49         388       23536.700
       388000049002859          49         388       23536.700
       388000049002859          49         388       23536.700
       388000049002859          49         388       23536.700
       388000049002859          49         388       23536.700
       388000049004842          49         388       23536.700
       388000049004842          49         388       23536.700
       388000049004842          49         388       23536.700
       388000049004842          49         388       23536.700
       388000049030135          49         388       23536.700
       388000049030135          49         388       23536.700
       388000049030135          49         388       23536.700
       388000049030135          49         388       23536.700
       388000049030236          49         388       23536.700
       388000049030236          49         388       23536.700
       388000049001256          49         388       23536.700
       388000049001256          49         388       23536.700
       388000049001256          49         388       23536.700
       388000049001256          49         388       23536.700
       388000049010956          49         388       70929.688
       388000049010956          49         388       70929.688
       388000049010956          49         388       70929.688
       388000049010956          49         388       70929.688
       388000049001499          49         388       9195.5032
       388000049001499          49         388       9195.5032
       388000049001499          49         388       9195.5032
       388000049001499          49         388       9195.5032
       388000049002820          49         388       9195.5032
       388000049002820          49         388       9195.5032
       388000049002820          49         388       9195.5032
       388000049002820          49         388       9195.5032
       388000049002828          49         388       9195.5032
       388000049002828          49         388       9195.5032
       388000049002828          49         388       9195.5032
       388000049002828          49         388       9195.5032
       388000049001239          49         388       9195.5032
       388000049001239          49         388       9195.5032
       388000049001239          49         388       9195.5032
       388000049001239          49         388       9195.5032
       388000049011842          49         388       9195.5032
       388000049011842          49         388       9195.5032
       388000049011842          49         388       9195.5032
       388000049011842          49         388       9195.5032
       388000049016633          49         388       9195.5032
       388000049016633          49         388       9195.5032
       388000049016633          49         388       9195.5032
       388000049016633          49         388       9195.5032
       388000049018661          49         388       9195.5032
       388000049018661          49         388       9195.5032
       388000049018661          49         388       9195.5032
       388000049018661          49         388       9195.5032
       388000049025735          49         388       9195.5032
       388000049025735          49         388       9195.5032
       388000049025735          49         388       9195.5032
       388000049025735          49         388       9195.5032
       388000049001776          49         388       9195.5032
       388000049001776          49         388       9195.5032
       388000049001776          49         388       9195.5032
       388000049001776          49         388       9195.5032
       388000049009263          49         388       9195.5032
       388000049009263          49         388       9195.5032
       388000049009263          49         388       9195.5032
       388000049009263          49         388       9195.5032
       388000049032785          49         388       9195.5032
       388000049032785          49         388       9195.5032
       388000049032785          49         388       9195.5032
       388000049005784          49         388       9195.5032
       388000049005784          49         388       9195.5032
       388000049005784          49         388       9195.5032
       388000049005784          49         388       9195.5032
       388000049004886          49         388       9195.5032
       388000049004886          49         388       9195.5032
       388000049004886          49         388       9195.5032
       388000049004886          49         388       9195.5032
       388000049013619          49         388       9195.5032
       388000049013619          49         388       9195.5032
       388000049013619          49         388       9195.5032
       388000049013619          49         388       9195.5032
       388000049011861          49         388       9195.5032
       388000049011861          49         388       9195.5032
       388000049011861          49         388       9195.5032
       388000049011861          49         388       9195.5032
       388000049005762          49         388       9195.5032
       388000049005762          49         388       9195.5032
       388000049005762          49         388       9195.5032
       388000049005762          49         388       9195.5032
       388000049035128          49         388       9195.5032
       388000049035128          49         388       9195.5032
       388000049016764          49         388       9195.5032
       388000049016764          49         388       9195.5032
       388000049016764          49         388       9195.5032
       388000049016764          49         388       9195.5032
       388000049011893          49         388       9195.5032
       388000049011893          49         388       9195.5032
       388000049011893          49         388       9195.5032
       388000049011893          49         388       9195.5032
       388000049053823          49         388       9040.2274
       388000049001510          49         388       9040.2274
       388000049001510          49         388       9040.2274
       388000049001510          49         388       9040.2274
       388000049001510          49         388       9040.2274
       388000049001760          49         388       9040.2274
       388000049001760          49         388       9040.2274
       388000049001760          49         388       9040.2274
       388000049001760          49         388       9040.2274
       388000049001766          49         388       9040.2274
       388000049001766          49         388       9040.2274
       388000049001766          49         388       9040.2274
       388000049001766          49         388       9040.2274
       388000049001789          49         388       9040.2274
       388000049001789          49         388       9040.2274
       388000049001789          49         388       9040.2274
       388000049001789          49         388       9040.2274
       388000049004879          49         388       9040.2274
       388000049004879          49         388       9040.2274
       388000049004879          49         388       9040.2274
       388000049004879          49         388       9040.2274
       388000049005772          49         388       9040.2274
       388000049005772          49         388       9040.2274
       388000049005772          49         388       9040.2274
       388000049005772          49         388       9040.2274
       388000049011878          49         388       9040.2274
       388000049011878          49         388       9040.2274
       388000049011878          49         388       9040.2274
       388000049011878          49         388       9040.2274
       388000049016779          49         388       9040.2274
       388000049016779          49         388       9040.2274
       388000049016779          49         388       9040.2274
       388000049016779          49         388       9040.2274
       388000049016805          49         388       9040.2274
       388000049016805          49         388       9040.2274
       388000049016805          49         388       9040.2274
       388000049016805          49         388       9040.2274
       388000049018710          49         388       9040.2274
       388000049018710          49         388       9040.2274
       388000049018710          49         388       9040.2274
       388000049018710          49         388       9040.2274
       388000049025927          49         388       9040.2274
       388000049025927          49         388       9040.2274
       388000049025948          49         388       9040.2274
       388000049025948          49         388       9040.2274
       388000049025948          49         388       9040.2274
       388000049025948          49         388       9040.2274
       388000049030019          49         388       9040.2274
       388000049030019          49         388       9040.2274
       388000049030019          49         388       9040.2274
       388000049030019          49         388       9040.2274
       388000049030175          49         388       9040.2274
       388000049030175          49         388       9040.2274
       388000049030175          49         388       9040.2274
       388000049030175          49         388       9040.2274
       388000049014953          49         388       9040.2274
       388000049014953          49         388       9040.2274
       388000049014953          49         388       9040.2274
       388000049014953          49         388       9040.2274
       388000049032843          49         388       9040.2274
       388000049032843          49         388       9040.2274
       388000049032843          49         388       9040.2274
       388000049041092          49         388       9040.2274
       388000049041144          49         388       9040.2274
       388000049004899          49         388       9040.2274
       388000049004899          49         388       9040.2274
       388000049004899          49         388       9040.2274
       388000049004899          49         388       9040.2274
       388000049009386          49         388       9040.2274
       388000049009386          49         388       9040.2274
       388000049009386          49         388       9040.2274
       388000049009386          49         388       9040.2274
       388000049025927          49         388       9040.2274
       388000049025927          49         388       9040.2274
       388000049001501          49         388       9040.2274
       388000049001501          49         388       9040.2274
       388000049001501          49         388       9040.2274
       388000049001501          49         388       9040.2274
       388000049001516          49         388       9040.2274
       388000049001516          49         388       9040.2274
       388000049001516          49         388       9040.2274
       388000049001516          49         388       9040.2274
       388000049002806          49         388       9040.2274
       388000049002806          49         388       9040.2274
       388000049002806          49         388       9040.2274
       388000049002806          49         388       9040.2274
       388000049001233          49         388       9040.2274
       388000049001233          49         388       9040.2274
       388000049001233          49         388       9040.2274
       388000049001233          49         388       9040.2274
       388000049001223          49         388       9040.2274
       388000049001223          49         388       9040.2274
       388000049001223          49         388       9040.2274
       388000049001223          49         388       9040.2274
       388000049001218          49         388       9040.2274
       388000049001218          49         388       9040.2274
       388000049001218          49         388       9040.2274
       388000049001218          49         388       9040.2274
       388000049001213          49         388       9040.2274
       388000049001213          49         388       9040.2274
       388000049001213          49         388       9040.2274
       388000049001213          49         388       9040.2274
       388000049000032          49         388       8.1428571
       388000049000032          49         388       8.1428571
       388000049000032          49         388       8.1428571
       388000049000032          49         388       8.1428571
       388000049038630          49         388       9040.2274
       388000049001508          49         388       9040.2274
       388000049001508          49         388       9040.2274
       388000049001508          49         388       9040.2274
       388000049001508          49         388       9040.2274
       388000049007820          49         388       9040.2274
       388000049007820          49         388       9040.2274
       388000049007820          49         388       9040.2274
       388000049007820          49         388       9040.2274
       388000049007805          49         388       9040.2274
       388000049007805          49         388       9040.2274
       388000049007805          49         388       9040.2274
       388000049007805          49         388       9040.2274
       388000049005693          49         388       9040.2274
       388000049005693          49         388       9040.2274
       388000049005693          49         388       9040.2274
       388000049005693          49         388       9040.2274
       388000049009299          49         388       9040.2274
       388000049009299          49         388       9040.2274
       388000049009299          49         388       9040.2274
       388000049009299          49         388       9040.2274
       388000049009274          49         388       9040.2274
       388000049009274          49         388       9040.2274
       388000049009274          49         388       9040.2274
       388000049009274          49         388       9040.2274
       388000049009245          49         388       9040.2274
       388000049009245          49         388       9040.2274
       388000049009245          49         388       9040.2274
       388000049009245          49         388       9040.2274
       388000049025637          49         388       9040.2274
       388000049025637          49         388       9040.2274
       388000049025637          49         388       9040.2274
       388000049025637          49         388       9040.2274
       388000049002842          49         388       9040.2274
       388000049002842          49         388       9040.2274
       388000049002842          49         388       9040.2274
       388000049002842          49         388       9040.2274
       388000049005687          49         388       9040.2274
       388000049005687          49         388       9040.2274
       388000049005687          49         388       9040.2274
       388000049005687          49         388       9040.2274
       388000049005676          49         388       9040.2274
       388000049005676          49         388       9040.2274
       388000049005676          49         388       9040.2274
       388000049005676          49         388       9040.2274
       388000049004868          49         388       9040.2274
       388000049004868          49         388       9040.2274
       388000049004868          49         388       9040.2274
       388000049004868          49         388       9040.2274
       388000049004855          49         388       9040.2274
       388000049004855          49         388       9040.2274
       388000049004855          49         388       9040.2274
       388000049004855          49         388       9040.2274
       388009870000032        9870         388       14058.143
       388009870000238        9870         388       9195.5032
       390010681010904       10681         390       9195.5032
       390010681006248       10681         390       9195.5032
       390010681004534       10681         390       9195.5032
       390010681001146       10681         390       9195.5032
       390010681002271       10681         390       9195.5032
       390010681002299       10681         390       9195.5032
       390010681001637       10681         390       9195.5032
       390010681000658       10681         390       23536.700
       390010681000578       10681         390       9040.2274
       390010681000032       10681         390       98.545455
       390010681000645       10681         390       9040.2274
       390010681001599       10681         390       9040.2274
       390010681002120       10681         390       9040.2274
       390010681002128       10681         390       9040.2274
       390010681003672       10681         390       9040.2274
       390010681007334       10681         390       9040.2274
       390010681000821       10681         390       9040.2274
       390010681000954       10681         390       9040.2274
       390010681004518       10681         390       9040.2274
       390010681004546       10681         390       9040.2274
       390010681006297       10681         390       9040.2274
       390010681006820       10681         390       9040.2274
       390010681001588       10681         390       9195.5032
       400007084000032        7084         400       57753.824
       402019775000032       19775         402       70929.688
       402019775000059       19775         402       9040.2274
       407001415000032        1415         407       23700.733
       408000500000663         500         408       70929.688
       409000408000032         408         409       40366.125
       411000165032481         165         411       57753.824
       411000165032153         165         411       23536.700
       411000165032302         165         411       9195.5032
       411000165032435         165         411       9040.2274
       411000165032458         165         411       9040.2274
       411000165032467         165         411       9195.5032
       411000165032439         165         411       9195.5032
       411000165030988         165         411       33.555556
       411000165032449         165         411       9040.2274
       411000165032148         165         411       9040.2274
       411000165032147         165         411       9040.2274
       413015853003154       15853         413       4418.5455
       413015853003276       15853         413       9040.2274
       413015853003270       15853         413       9040.2274
       413015853003371       15853         413       23536.700
       418000065000032          65         418       98.545455
       418000065000417          65         418       9195.5032
       418000065000414          65         418       9040.2274
       418000065000721          65         418       9040.2274
       418000065000421          65         418       9040.2274
       418000065000728          65         418       9040.2274
       421007983000032        7983         421       57753.824
       431000196000245         196         431       23536.700
       431000196000404         196         431       9040.2274
       431000196000412         196         431       9040.2274
       431000196000241         196         431       9040.2274
       431000196000388         196         431       9040.2274
       431000196000032         196         431       1331.4286
       433000430000032         430         433       70929.688
       435000126013287         126         435       9195.5032
       435001009000032        1009         435       57753.824
       436000075003687          75         436       23536.700
       436000075005479          75         436       9195.5032
       436000075000533          75         436       9195.5032
       436000075000032          75         436       98.545455
       436000075000537          75         436       9040.2274
       436000075000544          75         436       9040.2274
       436000075000551          75         436       9040.2274
       436000075000698          75         436       9040.2274
       436000075001092          75         436       9040.2274
       436000075000706          75         436       9040.2274
       436000075003351          75         436       9195.5032
       436000075007095          75         436       9195.5032
       437005150000767        5150         437       9040.2274
       437005150001663        5150         437       9195.5032
       437005150004015        5150         437       9195.5032
       438000264000193         264         438       23700.733
       438003511000032        3511         438       23536.700
       440001384000032        1384         440       57753.824
       443000222000032         222         443       21086.556
       443000222000369         222         443       9195.5032
       443000222000118         222         443       9040.2274
       446001959000032        1959         446       9040.2274
       449002724000032        2724         449       40366.125
       449003396000032        3396         449       57753.824
       449003396000041        3396         449       9195.5032
       449004608000032        4608         449       70929.688
       458000143000236         143         458       9195.5032
       458000143000032         143         458       4425.8000
       461000087003641          87         461       9195.5032
       461000087003606          87         461       21086.556
       464001504000298        1504         464       9040.2274
       464001504000032        1504         464       1331.4286
       465001633000032        1633         465       98.545455
       465001633003942        1633         465       9195.5032
       465001633000814        1633         465       9040.2274
       465001633001213        1633         465       9040.2274
       465001633001508        1633         465       9040.2274
       465001633002868        1633         465       9040.2274
       465001633000808        1633         465       9040.2274
       465001633000825        1633         465       9040.2274
       465001633000643        1633         465       9195.5032
       465001633000710        1633         465       9195.5032
       465001633001320        1633         465       9195.5032
       465001633001209        1633         465       9195.5032
       465001633001342        1633         465       23536.700
       465001633001226        1633         465       23536.700
       468001481000699        1481         468       23536.700
       468001481001966        1481         468       23536.700
       468001481002787        1481         468       9195.5032
       468001481001943        1481         468       9040.2274
       468001481000755        1481         468       9040.2274
       468001481002276        1481         468       9040.2274
       468001481004340        1481         468       9040.2274
       468001481000780        1481         468       9195.5032
       468001481000032        1481         468       98.545455
       469003334000032        3334         469       1331.4286
       469003334000739        3334         469       9040.2274
       469003334001217        3334         469       9040.2274
       469003334000311        3334         469       9040.2274
       469003334000879        3334         469       9040.2274
       469003334000966        3334         469       9040.2274
       469003334001597        3334         469       9040.2274
       469003334000825        3334         469       23536.700
       469007413000032        7413         469       23536.700
       479002343002199        2343         479       23536.700
       479002343002546        2343         479       23536.700
       479002343002533        2343         479       23536.700
       479002343019405        2343         479       23536.700
       479002343002176        2343         479       57753.824
       479002343001869        2343         479       57753.824
       479002343013898        2343         479       9195.5032
       479002343019379        2343         479       9195.5032
       479002343026774        2343         479       9195.5032
       479002343007693        2343         479       9195.5032
       479002343006559        2343         479       9195.5032
       479002343002529        2343         479       9195.5032
       479002343003369        2343         479       9195.5032
       479002343003847        2343         479       9195.5032
       479002343001849        2343         479       9195.5032
       479002343001852        2343         479       9195.5032
       479002343001510        2343         479       9195.5032
       479002343001483        2343         479       9195.5032
       479002343001477        2343         479       9195.5032
       479002343001519        2343         479       23536.700
       479002343001518        2343         479       23536.700
       479002343001844        2343         479       9040.2274
       479002343001884        2343         479       9040.2274
       479002343002149        2343         479       9040.2274
       479002343002193        2343         479       9040.2274
       479002343003854        2343         479       9040.2274
       479002343006655        2343         479       9040.2274
       479002343011772        2343         479       9040.2274
       479002343012773        2343         479       9040.2274
       479002343002144        2343         479       9040.2274
       479002343003232        2343         479       9040.2274
       479002343003243        2343         479       9040.2274
       479002343003331        2343         479       9040.2274
       479002343007631        2343         479       9040.2274
       479002343014837        2343         479       9040.2274
       479002343022411        2343         479       9040.2274
       479002343029827        2343         479       9195.5032
       479002343007681        2343         479       9195.5032
       479002343010827        2343         479       9195.5032
       479002343011681        2343         479       9195.5032
       479002343004411        2343         479       9195.5032
       479002343005201        2343         479       9195.5032
       479002343007609        2343         479       9195.5032
       479002343003266        2343         479       9195.5032
       479002343003292        2343         479       9195.5032
       479002343000032        2343         479       8.1428571
       479002343001495        2343         479       9040.2274
       479002343001492        2343         479       9040.2274
       479002343001488        2343         479       9040.2274
       479002343001484        2343         479       9040.2274
       479002343001517        2343         479       9040.2274
       479002343001513        2343         479       9040.2274
       497003425015925        3425         497       9195.5032
       497003425015101        3425         497       9040.2274
       497003425010746        3425         497       9040.2274
       497003425016858        3425         497       9040.2274
       497003425017015        3425         497       9040.2274
       497003425017743        3425         497       9040.2274
       497003425020490        3425         497       9040.2274
       497003425023618        3425         497       9195.5032
       497003425016875        3425         497       9195.5032
       497003425016941        3425         497       9195.5032
       497003425016999        3425         497       23536.700
       497003425010735        3425         497       23536.700
       497003425011419        3425         497       23536.700
       502002161003501        2161         502       9195.5032
       502002161000935        2161         502       9195.5032
       502002161000190        2161         502       9040.2274
       502002161001137        2161         502       9040.2274
       502002161001767        2161         502       9040.2274
       502002161000200        2161         502       9040.2274
       502002161000488        2161         502       9040.2274
       502002161000032        2161         502       4418.5455
       504012526000032       12526         504       4418.5455
       504012526000124       12526         504       9040.2274
       508000136004821         136         508       9195.5032
       508000136004611         136         508       14058.143
