        1279
           25549000040       25549           0       49.000000
           25549000220       25549           0       7648.8132
           25549001159       25549           0       7648.8132
           25549001810       25549           0       7648.8132
           25549000124       25549           0       9137.1148
         1000052000069          52           1       9137.1148
         1000052000076          52           1       9137.1148
         1000052000040          52           1       1985.6087
         1000257000040         257           1       1966.3860
         1000975000040         975           1       16350.256
         2000004000040           4           2       5063.2400
         2005581000040        5581           2       7648.8132
         6020170012806       20170           6       7648.8132
         6020170012904       20170           6       7648.8132
         6020170012503       20170           6       49.000000
         6020170012801       20170           6       9137.1148
         6020170012913       20170           6       9137.1148
         8012934015529       12934           8       5063.2400
         9019516002565       19516           9       7648.8132
        10020431000040       20431          10       7648.8132
        11000080023902          80          11       7648.8132
        11000080023915          80          11       7648.8132
        11000080023923          80          11       7648.8132
        11000080023938          80          11       7648.8132
        11000080023947          80          11       7648.8132
        11000080023822          80          11       7648.8132
        11000080023460          80          11       196.51852
        11000080023930          80          11       7959.9011
        11000080023566          80          11       9137.1148
        11000080023613          80          11       9137.1148
        11000080023738          80          11       9137.1148
        11000080023838          80          11       16350.256
        11000080023748          80          11       16350.256
        13000921000040         921          13       16350.256
        14000036001753          36          14       16350.256
        14000036001757          36          14       7648.8132
        14011166000040       11166          14       10801.980
        16000015000040          15          16       1985.6087
        16013169000040       13169          16       1966.3860
        17000039032813          39          17       9137.1148
        17016679000040       16679          17       9137.1148
        18001174000056        1174          18       9137.1148
        18001174000040        1174          18       1985.6087
        18001381000040        1381          18       1966.3860
        18001381000066        1381          18       7959.9011
        18002664000197        2664          18       18441.333
        20000000000221           0          20       7648.8132
        20000000000040           0          20       10.000000
        22003424000040        3424          22       10.000000
        22003424000311        3424          22       7959.9011
        22003424000307        3424          22       9137.1148
        22003424000314        3424          22       9137.1148
        22003424000321        3424          22       9137.1148
        22003424000327        3424          22       16350.256
        22003428000076        3428          22       7648.8132
        22003428000341        3428          22       7648.8132
        22003428000040        3428          22       1985.6087
        22004408000040        4408          22       10801.980
        23003330082183        3330          23       7648.8132
        23003330082170        3330          23       10801.980
        23003332000964        3332          23       7648.8132
        23003332000979        3332          23       7648.8132
        25000001000093           1          25       7648.8132
        25000001000126           1          25       7648.8132
        25000001000040           1          25       1985.6087
        25000001000087           1          25       9137.1148
        26009787000040        9787          26       18441.333
        26010013000040       10013          26       7648.8132
        27000775000040         775          27       7648.8132
        29000070000040          70          29       8.3333333
        30005240000040        5240          30       16350.256
        34010513000914       10513          34       9137.1148
        34010513000921       10513          34       7959.9011
        35000043000342          43          35       7959.9011
        35000043000195          43          35       9137.1148
        35000043000225          43          35       9137.1148
        35000043000191          43          35       7959.9011
        35000043000348          43          35       9137.1148
        35000043000133          43          35       9137.1148
        35000043000411          43          35       9137.1148
        35000043000040          43          35       49.000000
        35000043000168          43          35       7648.8132
        35000043000420          43          35       7648.8132
        35000043000357          43          35       18441.333
        35000047000366          47          35       1966.3860
        35001412000040        1412          35       9137.1148
        38015000000040       15000          38       10801.980
        38015000000051       15000          38       7648.8132
        38015000000066       15000          38       7648.8132
        40008123000213        8123          40       196.51852
        40008123000236        8123          40       7648.8132
        40008123000261        8123          40       7959.9011
        41000493000040         493          41       10801.980
        41009999000854        9999          41       7648.8132
        41009999000797        9999          41       1966.3860
        41009999000848        9999          41       7959.9011
        41009999000862        9999          41       9137.1148
        42000949000040         949          42       9137.1148
        45000095000185          95          45       9137.1148
        45000095000266          95          45       9137.1148
        45000095000436          95          45       9137.1148
        45000095000446          95          45       9137.1148
        45000095000427          95          45       7959.9011
        45000095000183          95          45       7959.9011
        45000095000316          95          45       16350.256
        45000095000453          95          45       7648.8132
        45000095000040          95          45       10.000000
        47002067003333        2067          47       49.000000
        47002070000040        2070          47       196.51852
        47002070000188        2070          47       7648.8132
        47002070000440        2070          47       16350.256
        47002070000141        2070          47       16350.256
        47002070000146        2070          47       9137.1148
        47002070000137        2070          47       9137.1148
        47002070000184        2070          47       7959.9011
        47002208000379        2208          47       16350.256
        47002208000385        2208          47       7648.8132
        47004345000040        4345          47       9137.1148
        48000183000053         183          48       7959.9011
        48000183000040         183          48       10801.980
        48015885000040       15885          48       9137.1148
        49000070000040          70          49       705.08333
        49011763000040       11763          49       196.51852
        49011763000130       11763          49       7648.8132
        49011763000194       11763          49       9137.1148
        49011763000112       11763          49       9137.1148
        50000374000049         374          50       9137.1148
        50000374000040         374          50       18441.333
        55000143000674         143          55       10801.980
        55016585003762       16585          55       1966.3860
        56007342000065        7342          56       1966.3860
        56011960011199       11960          56       16350.256
        57012941001087       12941          57       5063.2400
        58000120000040         120          58       1985.6087
        62011602000040       11602          62       9137.1148
        63012040000040       12040          63       10801.980
        65000538000056         538          65       7648.8132
        65000538000040         538          65       5063.2400
        68000005013234           5          68       7648.8132
        68000005013400           5          68       7648.8132
        68000005013408           5          68       7648.8132
        68000005012990           5          68       7648.8132
        68000005013016           5          68       7648.8132
        68000005013153           5          68       7648.8132
        68000005012904           5          68       196.51852
        68000005013051           5          68       16350.256
        68000005013014           5          68       7959.9011
        68000005012991           5          68       9137.1148
        68000005013228           5          68       7959.9011
        68000005013160           5          68       18441.333
        68010118000915       10118          68       9137.1148
        70015595000040       15595          70       5063.2400
        71002034004527        2034          71       1966.3860
        73001873000040        1873          73       7959.9011
        73014248000120       14248          73       7959.9011
        73014248001082       14248          73       9137.1148
        73015704000040       15704          73       16350.256
        76000028000171          28          76       9137.1148
        76000028000321          28          76       7959.9011
        76000028000040          28          76       196.51852
        76000028000402          28          76       7648.8132
        76000028000111          28          76       7648.8132
        76000028000127          28          76       7648.8132
        76000033000181          33          76       7648.8132
        76000033000186          33          76       7648.8132
        76000033000191          33          76       7648.8132
        76000033000198          33          76       7648.8132
        76000033000072          33          76       7648.8132
        76000033000100          33          76       7648.8132
        76000033000040          33          76       705.08333
        76000033000117          33          76       1966.3860
        76000033000256          33          76       7959.9011
        76000033000095          33          76       9137.1148
        76000033000229          33          76       9137.1148
        76000033000264          33          76       9137.1148
        76000033000068          33          76       7959.9011
        76000033000102          33          76       16350.256
        76000033000110          33          76       16350.256
        76000691000040         691          76       7959.9011
        77000110000040         110          77       705.08333
        77000110000072         110          77       7648.8132
        77000110000201         110          77       7648.8132
        79000175003456         175          79       8.3333333
        79000175003745         175          79       9137.1148
        79000175003736         175          79       16350.256
        79000626000040         626          79       10801.980
        79001550000040        1550          79       7648.8132
        80016309000081       16309          80       5063.2400
        80016309000093       16309          80       7959.9011
        81010996000040       10996          81       9137.1148
        83019782000040       19782          83       16350.256
        83019782000051       19782          83       7648.8132
        85000078019203          78          85       5063.2400
        85000227000349         227          85       9137.1148
        85020382000040       20382          85       9137.1148
        88005232000040        5232          88       7648.8132
        90000079010109          79          90       7648.8132
        90000079010095          79          90       1966.3860
        91000149000194         149          91       1966.3860
        92001014000040        1014          92       9137.1148
        92003802000040        3802          92       16350.256
        93000126000098         126          93       16350.256
        93000126000110         126          93       16350.256
        93000126000096         126          93       7959.9011
        93000126000040         126          93       196.51852
        93000126000271         126          93       7648.8132
        94003051000040        3051          94       7648.8132
        96000017000117          17          96       7648.8132
        96000017000040          17          96       705.08333
        96000017001185          17          96       7648.8132
        96000017001321          17          96       7648.8132
        96000017000141          17          96       7648.8132
        96000017000232          17          96       7648.8132
        96000017000237          17          96       7648.8132
        96000017000437          17          96       7648.8132
        96000017000110          17          96       7959.9011
        96000017000450          17          96       9137.1148
        96000017000458          17          96       9137.1148
        96000017000430          17          96       9137.1148
        96000017000130          17          96       9137.1148
        96000017000842          17          96       9137.1148
        96000017000860          17          96       9137.1148
        96000017000119          17          96       16350.256
        96000017000869          17          96       16350.256
        96000017000137          17          96       16350.256
        96000017000474          17          96       18441.333
        96022070000325       22070          96       9137.1148
        96022070000274       22070          96       9137.1148
        96022070000307       22070          96       7648.8132
        96022070000270       22070          96       7648.8132
        96022070000120       22070          96       49.000000
        97000135000040         135          97       1966.3860
        97018899000134       18899          97       196.51852
        97018899000169       18899          97       7648.8132
        97018899000469       18899          97       7648.8132
        97018899000175       18899          97       9137.1148
        97018899000180       18899          97       9137.1148
        97018899000238       18899          97       9137.1148
        97018899000317       18899          97       9137.1148
        97018899000336       18899          97       9137.1148
        97019429000040       19429          97       9137.1148
        97019429000045       19429          97       7648.8132
       101000106000180         106         101       7648.8132
       101000106000239         106         101       7648.8132
       101000106000040         106         101       10.000000
       101000106000204         106         101       9137.1148
       101000106000211         106         101       9137.1148
       101000106000232         106         101       9137.1148
       101000106000178         106         101       9137.1148
       101000106000174         106         101       16350.256
       104019766097085       19766         104       16350.256
       104019766097486       19766         104       7959.9011
       104019766097012       19766         104       49.000000
       104019766097699       19766         104       7648.8132
       104019766097114       19766         104       7648.8132
       104019766097414       19766         104       7648.8132
       104019766097457       19766         104       7648.8132
       105000050007283          50         105       10.000000
       105000050007413          50         105       9137.1148
       105000050007420          50         105       16350.256
       105006737000159        6737         105       16350.256
       105006737023980        6737         105       9137.1148
       105006737023984        6737         105       9137.1148
       105006737000267        6737         105       9137.1148
       105006737000540        6737         105       7959.9011
       105006737024004        6737         105       9137.1148
       105006737023800        6737         105       10.000000
       105006737000040        6737         105       49.000000
       105006737023997        6737         105       7648.8132
       105006737000190        6737         105       7648.8132
       105006737000220        6737         105       7648.8132
       105006737000257        6737         105       7648.8132
       106000124001692         124         106       1966.3860
       108003429000040        3429         108       10.000000
       108003429000380        3429         108       7648.8132
       108003429000742        3429         108       7648.8132
       108003429000274        3429         108       9137.1148
       108003429001165        3429         108       9137.1148
       108003429002032        3429         108       9137.1148
       108003429000196        3429         108       7959.9011
       108003429000223        3429         108       7959.9011
       108003429000225        3429         108       9137.1148
       108003429000386        3429         108       9137.1148
       108003429000229        3429         108       16350.256
       109019267008734       19267         109       10801.980
       109022047000040       22047         109       7648.8132
       110010624000342       10624         110       10801.980
       112000015000061          15         112       9137.1148
       112000015000310          15         112       7648.8132
       112000015000040          15         112       1985.6087
       112009392000040        9392         112       1966.3860
       113000057000040          57         113       49.000000
       113000057000418          57         113       7648.8132
       113000057000344          57         113       7648.8132
       113000057000118          57         113       9137.1148
       113000057000134          57         113       9137.1148
       113000057000140          57         113       9137.1148
       113000057000215          57         113       9137.1148
       113000057000221          57         113       9137.1148
       113000057000457          57         113       9137.1148
       113000057001098          57         113       9137.1148
       113000057000408          57         113       9137.1148
       113000057000348          57         113       16350.256
       116010328000068       10328         116       9137.1148
       116010328000097       10328         116       9137.1148
       116010328000334       10328         116       7648.8132
       116010328000040       10328         116       1966.3860
       116010925000040       10925         116       9137.1148
       117000136000049         136         117       9137.1148
       117000136000040         136         117       10801.980
       117000136000061         136         117       7648.8132
       117000359000040         359         117       16350.256
       117000587000040         587         117       16350.256
       120009000000040        9000         120       9137.1148
       122000119000090         119         122       9137.1148
       122000119000097         119         122       9137.1148
       122000119000102         119         122       7648.8132
       122000119000085         119         122       7648.8132
       122000119000087         119         122       7648.8132
       122000119000040         119         122       705.08333
       124009595000040        9595         124       705.08333
       124009595000084        9595         124       16350.256
       125010341000040       10341         125       5063.2400
       125010341000050       10341         125       7648.8132
       126000089002729          89         126       7648.8132
       126003740001967        3740         126       7648.8132
       126003740000383        3740         126       9137.1148
       126003740000169        3740         126       18441.333
       127000226000040         226         127       5063.2400
       127019052000040       19052         127       9137.1148
       128000001001163           1         128       7959.9011
       128000009002101           9         128       10801.980
       128008180000040        8180         128       705.08333
       128008180000372        8180         128       7648.8132
       128008180001446        8180         128       7648.8132
       128008180001708        8180         128       7648.8132
       128008180000137        8180         128       7959.9011
       128008184020340        8184         128       18441.333
       128008192003559        8192         128       18441.333
       128010707000040       10707         128       16350.256
       130003557015328        3557         130       16350.256
       130004156000057        4156         130       7959.9011
       130004156000040        4156         130       5063.2400
       131026309020086       26309         131       49.000000
       131026309003581       26309         131       1966.3860
       131026309020245       26309         131       7648.8132
       131026309020531       26309         131       7648.8132
       131026309020545       26309         131       7648.8132
       131026309020684       26309         131       7648.8132
       131026309020539       26309         131       7959.9011
       131026309020425       26309         131       9137.1148
       131026309020514       26309         131       9137.1148
       131026309020521       26309         131       9137.1148
       131026309020705       26309         131       9137.1148
       131026457000040       26457         131       18441.333
       132000049000303          49         132       7959.9011
       132000049000229          49         132       7648.8132
       132000049000557          49         132       1966.3860
       132000049000040          49         132       705.08333
       135009308000040        9308         135       9137.1148
       136000156000040         156         136       18441.333
       136000322000040         322         136       18441.333
       137000208000040         208         137       18441.333
       138001690000040        1690         138       9137.1148
       141000035000646          35         141       1966.3860
       144010146000264       10146         144       9137.1148
       144011679000040       11679         144       16350.256
       144011679000048       11679         144       7648.8132
       147012364000040       12364         147       1966.3860
       148000041007782          41         148       1966.3860
       150000319000040         319         150       1985.6087
       150000319000062         319         150       9137.1148
       151000147000119         147         151       9137.1148
       151000147000183         147         151       9137.1148
       151000147000188         147         151       9137.1148
       151000147000040         147         151       196.51852
       151000147000116         147         151       7648.8132
       151000147000192         147         151       7648.8132
       151000147000197         147         151       7648.8132
       151000147000226         147         151       7648.8132
       151000147000124         147         151       7648.8132
       152019645000040       19645         152       16350.256
       152019645000057       19645         152       16350.256
       153017226000040       17226         153       7648.8132
       154000427000040         427         154       16350.256
       155000302000061         302         155       7648.8132
       155000302000040         302         155       5063.2400
       156009180000040        9180         156       1966.3860
       156009180000085        9180         156       9137.1148
       157009531000347        9531         157       9137.1148
       157009531000362        9531         157       9137.1148
       157009531000086        9531         157       9137.1148
       157009531000189        9531         157       9137.1148
       157009531000274        9531         157       9137.1148
       157009531000282        9531         157       9137.1148
       157009531000287        9531         157       7959.9011
       157009531000040        9531         157       196.51852
       157009531000386        9531         157       7648.8132
       157009531000443        9531         157       18441.333
       158006413000408        6413         158       18441.333
       158006413000439        6413         158       7648.8132
       158006413000144        6413         158       10.000000
       158006413000391        6413         158       7959.9011
       158006413000395        6413         158       9137.1148
       158006413000401        6413         158       9137.1148
       158006413000480        6413         158       9137.1148
       158006413000312        6413         158       9137.1148
       158006413000317        6413         158       9137.1148
       159016379000063       16379         159       9137.1148
       159016379000074       16379         159       9137.1148
       159016379000040       16379         159       1966.3860
       159016379000331       16379         159       7648.8132
       162001109000040        1109         162       9137.1148
       163000110001939         110         163       16350.256
       163016547000040       16547         163       1966.3860
       164000038000205          38         164       49.000000
       164000038000343          38         164       7648.8132
       164000038000799          38         164       7648.8132
       164000038000379          38         164       7648.8132
       164000038000776          38         164       7648.8132
       164000038000679          38         164       16350.256
       164000038000784          38         164       9137.1148
       164000038000806          38         164       9137.1148
       164000038000346          38         164       9137.1148
       166007097001052        7097         166       10801.980
       167010499000040       10499         167       9137.1148
       168008724000063        8724         168       7648.8132
       168008724000040        8724         168       5063.2400
       172000369001926         369         172       5063.2400
       173000087000063          87         173       9137.1148
       173000087000040          87         173       10801.980
       174000095000201          95         174       16350.256
       174000095000040          95         174       10.000000
       174000095000197          95         174       7648.8132
       174023925000284       23925         174       7648.8132
       174023925000197       23925         174       7648.8132
       174023925000198       23925         174       7648.8132
       174023925000040       23925         174       10.000000
       174023925000206       23925         174       16350.256
       174023925000213       23925         174       16350.256
       174023925000289       23925         174       16350.256
       174023925000278       23925         174       9137.1148
       174023925000200       23925         174       9137.1148
       174023925000250       23925         174       7959.9011
       174023925000254       23925         174       7959.9011
       175002958000040        2958         175       9137.1148
       176003241000167        3241         176       9137.1148
       176003241000040        3241         176       10.000000
       176003241000165        3241         176       7648.8132
       176003241000170        3241         176       7648.8132
       178000279000040         279         178       16350.256
       178015214000387       15214         178       18441.333
       180023281000454       23281         180       10801.980
       181000132000040         132         181       10801.980
       182000102000151         102         182       7959.9011
       182000102000273         102         182       7648.8132
       182018894000040       18894         182       16350.256
       183011270000064       11270         183       10801.980
       183011270000080       11270         183       9137.1148
       183011270000128       11270         183       7648.8132
       183011270000040       11270         183       1966.3860
       183011385000040       11385         183       5063.2400
       184012911000040       12911         184       18441.333
       185000068004540          68         185       1966.3860
       186000254000197         254         186       10801.980
       187013469000040       13469         187       10801.980
       187013469000054       13469         187       9137.1148
       188000090003105          90         188       1966.3860
       188000105000227         105         188       1966.3860
       188000105000245         105         188       7648.8132
       188003938000258        3938         188       7648.8132
       188003938000352        3938         188       7648.8132
       188003938000040        3938         188       10.000000
       188003938000260        3938         188       9137.1148
       188003938000318        3938         188       9137.1148
       190004192000492        4192         190       7959.9011
       190006454000040        6454         190       9137.1148
       190006949000040        6949         190       9137.1148
       191000120005502         120         191       9137.1148
       191000120000040         120         191       8.3333333
       191000120005156         120         191       18441.333
       191000120007115         120         191       18441.333
       191000130000109         130         191       9137.1148
       191000130000103         130         191       7959.9011
       191024445001073       24445         191       1966.3860
       194000043023595          43         194       8.3333333
       194000043023846          43         194       7648.8132
       194000043023853          43         194       7648.8132
       194000043023874          43         194       7648.8132
       194000043023883          43         194       7648.8132
       194000043023880          43         194       7959.9011
       194000043023850          43         194       7959.9011
       194000045001175          45         194       7648.8132
       194019443006644       19443         194       16350.256
       195008830000050        8830         195       7648.8132
       195008830000040        8830         195       5063.2400
       196000018000143          18         196       1966.3860
       196000018000164          18         196       9137.1148
       200000070007294          70         200       9137.1148
       200000070007180          70         200       10801.980
       200000070007010          70         200       10.000000
       200000070007243          70         200       7648.8132
       200000070007171          70         200       7648.8132
       200000070007174          70         200       7648.8132
       200000071000179          71         200       7648.8132
       200000071000218          71         200       7648.8132
       200000071000040          71         200       49.000000
       200000071001705          71         200       16350.256
       200000071000184          71         200       9137.1148
       200000071000088          71         200       9137.1148
       200000071000158          71         200       7959.9011
       200000071002120          71         200       7959.9011
       202015315000796       15315         202       9137.1148
       202015315000809       15315         202       9137.1148
       202015315000947       15315         202       9137.1148
       202015315000493       15315         202       9137.1148
       202015315000590       15315         202       9137.1148
       202015315000628       15315         202       9137.1148
       202015315000402       15315         202       49.000000
       202015315000669       15315         202       7648.8132
       202015315000715       15315         202       7648.8132
       203013897000040       13897         203       18441.333
       204000028018016          28         204       7648.8132
       204000028018029          28         204       9137.1148
       204031417000090       31417         204       9137.1148
       204031417000338       31417         204       7648.8132
       204031417000040       31417         204       49.000000
       204031417000092       31417         204       1985.6087
       206000102000040         102         206       49.000000
       206000102000146         102         206       7648.8132
       206000102000133         102         206       9137.1148
       206000102000299         102         206       9137.1148
       206000102000138         102         206       16350.256
       206000102000195         102         206       16350.256
       206000102000250         102         206       16350.256
       206000103000146         103         206       9137.1148
       206000103000184         103         206       9137.1148
       206002332000040        2332         206       7959.9011
       207000269000040         269         207       1966.3860
       208003519009692        3519         208       1966.3860
       208003519009427        3519         208       10.000000
       208003519009595        3519         208       7648.8132
       208003519009596        3519         208       7648.8132
       208003519009599        3519         208       7648.8132
       208003519009685        3519         208       7648.8132
       208003519009690        3519         208       7648.8132
       208003519009724        3519         208       18441.333
       211008907000281        8907         211       9137.1148
       211008907000288        8907         211       9137.1148
       211008907000653        8907         211       9137.1148
       213002417000040        2417         213       9137.1148
       213014665000040       14665         213       705.08333
       213014755000040       14755         213       5063.2400
       213014755000050       14755         213       9137.1148
       213014755000070       14755         213       7959.9011
       216005617000040        5617         216       1966.3860
       217004872000040        4872         217       18441.333
       218000064010095          64         218       10.000000
       218000064010324          64         218       7648.8132
       218000064010220          64         218       7648.8132
       218000064010215          64         218       9137.1148
       218000064010212          64         218       9137.1148
       218005495019438        5495         218       16350.256
       219000134000189         134         219       16350.256
       219000134001723         134         219       9137.1148
       219000134000230         134         219       7648.8132
       219000134000040         134         219       196.51852
       219000134000207         134         219       5063.2400
       219000727000040         727         219       16350.256
       219000824000186         824         219       9137.1148
       219000824000172         824         219       5063.2400
       219002361000040        2361         219       9137.1148
       220009333000129        9333         220       9137.1148
       220009333000136        9333         220       9137.1148
       220009333000185        9333         220       9137.1148
       220009333000232        9333         220       9137.1148
       220009333000197        9333         220       16350.256
       220009333000040        9333         220       196.51852
       220009333000126        9333         220       7648.8132
       220009333000214        9333         220       7648.8132
       221000159000040         159         221       705.08333
       221000159000119         159         221       16350.256
       221000159003714         159         221       10801.980
       221000159001693         159         221       7959.9011
       222003946000191        3946         222       9137.1148
       222003946000200        3946         222       9137.1148
       222003946000040        3946         222       1966.3860
       222003946000061        3946         222       7648.8132
       222003946000068        3946         222       7648.8132
       222003946000210        3946         222       7648.8132
       223000188000352         188         223       7648.8132
       223000188000040         188         223       10.000000
       223000188000103         188         223       9137.1148
       223000188000355         188         223       7959.9011
       223000188000441         188         223       7959.9011
       223000188000341         188         223       10801.980
       223000201002566         201         223       1966.3860
       223000217000040         217         223       705.08333
       223000217000081         217         223       7648.8132
       223000217000137         217         223       7648.8132
       223000217000149         217         223       7648.8132
       223000217000083         217         223       7959.9011
       223000217000151         217         223       7959.9011
       223000217000142         217         223       9137.1148
       223000407000040         407         223       10801.980
       225000100000080         100         225       7959.9011
       225000100000093         100         225       7648.8132
       225000100000040         100         225       1985.6087
       226000079000040          79         226       10.000000
       226000079000247          79         226       7648.8132
       226000079000307          79         226       7648.8132
       226000079000312          79         226       7648.8132
       226000079000711          79         226       7959.9011
       226000079002021          79         226       7959.9011
       226000079000718          79         226       9137.1148
       226000079000908          79         226       9137.1148
       226000079000317          79         226       9137.1148
       226000079000364          79         226       9137.1148
       226022130000119       22130         226       9137.1148
       226022130000126       22130         226       9137.1148
       226022130000167       22130         226       9137.1148
       226022130000115       22130         226       7959.9011
       226022130000253       22130         226       9137.1148
       226022130000177       22130         226       9137.1148
       226022130000174       22130         226       7648.8132
       226022130000238       22130         226       7648.8132
       226022130000245       22130         226       7648.8132
       226022130000382       22130         226       7648.8132
       226022130000040       22130         226       49.000000
       228004994003665        4994         228       7648.8132
       228005005000097        5005         228       7648.8132
       228005005000142        5005         228       7648.8132
       228005005000312        5005         228       9137.1148
       228005005000360        5005         228       9137.1148
       228005005000099        5005         228       9137.1148
       228005005000186        5005         228       7959.9011
       228006355000040        6355         228       16350.256
       230003194000040        3194         230       18441.333
       231003504000040        3504         231       9137.1148
       231003504000046        3504         231       9137.1148
       232003740000040        3740         232       7648.8132
       233002633000040        2633         233       9137.1148
       234000135000040         135         234       18441.333
       234000853000040         853         234       9137.1148
       234018002000040       18002         234       7648.8132
       240011812000123       11812         240       7648.8132
       240011812000040       11812         240       196.51852
       240011812000141       11812         240       9137.1148
       240011812000183       11812         240       9137.1148
       240011812000354       11812         240       9137.1148
       240012607000040       12607         240       9137.1148
       241008848000253        8848         241       9137.1148
       241008848000134        8848         241       9137.1148
       241008848000154        8848         241       9137.1148
       241008848000205        8848         241       9137.1148
       241008848000241        8848         241       9137.1148
       241008848000040        8848         241       705.08333
       241008848000248        8848         241       7648.8132
       241008848000261        8848         241       7648.8132
       241008848000322        8848         241       7648.8132
       241008848000323        8848         241       7648.8132
       241008848000129        8848         241       16350.256
       241008848000071        8848         241       16350.256
       243010928017840       10928         243       16350.256
       243010928017847       10928         243       16350.256
       243010928017831       10928         243       18441.333
       243010928017882       10928         243       7648.8132
       243010928017822       10928         243       7648.8132
       243010928017606       10928         243       8.3333333
       243010928017825       10928         243       9137.1148
       243010928017867       10928         243       9137.1148
       243010928017876       10928         243       9137.1148
       245000192000127         192         245       9137.1148
       245000192000106         192         245       9137.1148
       245000192000040         192         245       196.51852
       245000192000108         192         245       7648.8132
       245000192000269         192         245       7648.8132
       245000192000383         192         245       7648.8132
       245000192000502         192         245       7648.8132
       246000122000188         122         246       7648.8132
       246000122000040         122         246       705.08333
       246000122000075         122         246       9137.1148
       246000122000073         122         246       7959.9011
       246002460010716        2460         246       5063.2400
       246002460009972        2460         246       18441.333
       246002496000700        2496         246       5063.2400
       247000142000040         142         247       10.000000
       247000142000228         142         247       9137.1148
       247000142000335         142         247       9137.1148
       247000145000297         145         247       9137.1148
       247000145000302         145         247       7959.9011
       247000145000040         145         247       10.000000
       247000358000051         358         247       9137.1148
       247000358000040         358         247       10801.980
       248018571000040       18571         248       18441.333
       248018847000040       18847         248       18441.333
       250000910000040         910         250       7648.8132
       252015208000040       15208         252       7959.9011
       254017326000244       17326         254       5063.2400
       255000268000040         268         255       1985.6087
       255000268000099         268         255       7959.9011
       255000268000056         268         255       16350.256
       255000268000061         268         255       9137.1148
       256000022000790          22         256       5063.2400
       256000196000040         196         256       5063.2400
       256000196000087         196         256       9137.1148
       257000034000131          34         257       9137.1148
       257000034000134          34         257       9137.1148
       257000034000159          34         257       7648.8132
       257000037006762          37         257       10801.980
       257000093000723          93         257       10801.980
       257000093000734          93         257       9137.1148
       257000167000040         167         257       18441.333
       262000063000040          63         262       1966.3860
       263002624000040        2624         263       9137.1148
       263022839000351       22839         263       7648.8132
       263022839000342       22839         263       18441.333
       264000054050469          54         264       1966.3860
       264011497003093       11497         264       7648.8132
       268001955000049        1955         268       7648.8132
       268001955000040        1955         268       16350.256
       271010648000486       10648         271       1966.3860
       271010685001284       10685         271       1966.3860
       271010708000040       10708         271       5063.2400
       272000167000048         167         272       7648.8132
       272000167000040         167         272       10801.980
       272011771000040       11771         272       7648.8132
       273000087000541          87         273       5063.2400
       273013126003801       13126         273       10.000000
       273013126003918       13126         273       7648.8132
       273013126003943       13126         273       7648.8132
       273013126004011       13126         273       7648.8132
       273013126003923       13126         273       9137.1148
       273013172000040       13172         273       1985.6087
       277000056002082          56         277       1966.3860
       277000056002155          56         277       7648.8132
       277000056002111          56         277       9137.1148
       277000056002119          56         277       16350.256
       277000056002123          56         277       18441.333
       277020305004264       20305         277       9137.1148
       277020305004270       20305         277       16350.256
       277020305004224       20305         277       7648.8132
       277020305004190       20305         277       1985.6087
       282000425000040         425         282       9137.1148
       282000569000040         569         282       9137.1148
       282004951000080        4951         282       9137.1148
       282004951000083        4951         282       9137.1148
       282004951000087        4951         282       16350.256
       282004951000040        4951         282       1985.6087
       282004951000117        4951         282       7648.8132
       282005260000040        5260         282       7648.8132
       282005260000042        5260         282       7648.8132
       283001618000137        1618         283       1966.3860
       285006845000140        6845         285       7648.8132
       285006845000144        6845         285       16350.256
       285006845000196        6845         285       16350.256
       285006845000269        6845         285       16350.256
       285006845000292        6845         285       7959.9011
       285006846019499        6846         285       9137.1148
       285006846019495        6846         285       7648.8132
       285006846019504        6846         285       7648.8132
       285006846019339        6846         285       10.000000
       285009007000040        9007         285       7648.8132
       286000342000040         342         286       18441.333
       290000054011519          54         290       7648.8132
       290000054011502          54         290       5063.2400
       290000054011538          54         290       9137.1148
       290000054011542          54         290       9137.1148
       290000054011554          54         290       9137.1148
       290000054011523          54         290       16350.256
       290000092001789          92         290       5063.2400
       290000092001805          92         290       7648.8132
       291002851003690        2851         291       7648.8132
       291002851005129        2851         291       7648.8132
       291002851003959        2851         291       7648.8132
       291002851003933        2851         291       5063.2400
       291002851003443        2851         291       705.08333
       291002851005017        2851         291       705.08333
       291002851003502        2851         291       9137.1148
       291002851003505        2851         291       9137.1148
       291002851003509        2851         291       9137.1148
       291002851003534        2851         291       9137.1148
       291002851003704        2851         291       9137.1148
       291002851003944        2851         291       9137.1148
       292000052000040          52         292       5063.2400
       292002060013445        2060         292       9137.1148
       292002062001042        2062         292       9137.1148
       292002159000040        2159         292       5063.2400
       292002159000096        2159         292       7648.8132
       296003841054398        3841         296       7648.8132
       296003841035077        3841         296       7648.8132
       296003841034739        3841         296       7648.8132
       296003841034062        3841         296       196.51852
       296003841054293        3841         296       196.51852
       296003841035072        3841         296       9137.1148
       296003841035366        3841         296       9137.1148
       296003841034171        3841         296       9137.1148
       296003841034254        3841         296       9137.1148
       296003841034271        3841         296       9137.1148
       296003841034465        3841         296       9137.1148
       296003841034583        3841         296       9137.1148
       296003841034721        3841         296       7959.9011
       296003841034176        3841         296       18441.333
       296003841034261        3841         296       16350.256
       296003841034732        3841         296       16350.256
       297000477000040         477         297       18441.333
       297021668000203       21668         297       9137.1148
       297021668000116       21668         297       196.51852
       300003901000040        3901         300       5063.2400
       300003901000058        3901         300       7959.9011
       300005272000040        5272         300       7648.8132
       302007567000040        7567         302       5063.2400
       304000043000040          43         304       1966.3860
       304000043000111          43         304       7648.8132
       304000043000260          43         304       7648.8132
       304000043000148          43         304       16350.256
       308002535000040        2535         308       10801.980
       309000110000397         110         309       9137.1148
       309000110000406         110         309       9137.1148
       309000110000343         110         309       9137.1148
       309000110001013         110         309       9137.1148
       309000110001474         110         309       7959.9011
       309000110000391         110         309       7648.8132
       309000110000621         110         309       7648.8132
       309000110000626         110         309       7648.8132
       309000110001108         110         309       7648.8132
       309000110001592         110         309       7648.8132
       309000110002503         110         309       7648.8132
       309000110000641         110         309       16350.256
       309001295000052        1295         309       7648.8132
       309001295000089        1295         309       7648.8132
       309001295000040        1295         309       5063.2400
       309023947000040       23947         309       1966.3860
       310000206000192         206         310       7648.8132
       310000206000185         206         310       10801.980
       311001693037189        1693         311       7648.8132
       311001693037198        1693         311       7648.8132
       311001693037017        1693         311       1985.6087
       311001708002988        1708         311       1966.3860
       311001724000040        1724         311       5063.2400
       311001724000056        1724         311       7959.9011
       314000407000040         407         314       10801.980
       314000883000040         883         314       9137.1148
       314012995000040       12995         314       1985.6087
       315011557000069       11557         315       1966.3860
       318000080007381          80         318       9137.1148
       319000120000216         120         319       9137.1148
       319000120000321         120         319       9137.1148
       319000120000606         120         319       9137.1148
       319000120000326         120         319       16350.256
       319000120000586         120         319       7959.9011
       319000120000319         120         319       7959.9011
       319000120000040         120         319       10.000000
       319000120000210         120         319       7648.8132
       319000120000219         120         319       7959.9011
       319000120000205         120         319       7959.9011
       319000120000206         120         319       7959.9011
       319000120000388         120         319       7648.8132
       319000120000593         120         319       7648.8132
       319000120000599         120         319       7648.8132
       319000120000221         120         319       16350.256
       319000125000110         125         319       7648.8132
       319000125000117         125         319       7648.8132
       319000125000040         125         319       196.51852
       319001751000040        1751         319       18441.333
       323007296000040        7296         323       5063.2400
       325010211000251       10211         325       10801.980
       326013941000040       13941         326       5063.2400
       327019908001052       19908         327       18441.333
       329004881000046        4881         329       7648.8132
       329004881000040        4881         329       16350.256
       329005947000040        5947         329       9137.1148
       330000078014811          78         330       18441.333
       336000032005896          32         336       9137.1148
       336000787000040         787         336       16350.256
       336000787000052         787         336       7648.8132
       336023948000040       23948         336       7959.9011
       337000118000157         118         337       9137.1148
       337000118000040         118         337       49.000000
       337017819000054       17819         337       7648.8132
       337017819000040       17819         337       18441.333
       337018001000052       18001         337       7648.8132
       337018001000040       18001         337       9137.1148
       339000080000040          80         339       196.51852
       340021219004544       21219         340       5063.2400
       340021257004425       21257         340       49.000000
       340021257004661       21257         340       7648.8132
       340021257004865       21257         340       7648.8132
       340021257004568       21257         340       7648.8132
       340021257004560       21257         340       7648.8132
       340021257004609       21257         340       9137.1148
       340021257004562       21257         340       9137.1148
       340021257004554       21257         340       9137.1148
       344000218000040         218         344       16350.256
       346000512000040         512         346       16350.256
       347003975000040        3975         347       10801.980
       348000056000132          56         348       7648.8132
       348000056000158          56         348       7648.8132
       348000056000160          56         348       7648.8132
       348000056000040          56         348       49.000000
       348009907000040        9907         348       7648.8132
       350000102008373         102         350       705.08333
       350000102008446         102         350       9137.1148
       350000102008460         102         350       9137.1148
       350000105000235         105         350       9137.1148
       350000105000571         105         350       10801.980
       350000105000242         105         350       16350.256
       350000105000152         105         350       7959.9011
       350000105000040         105         350       196.51852
       350000105000312         105         350       7648.8132
       350000202000047         202         350       7648.8132
       350000202000054         202         350       7648.8132
       350000202000040         202         350       16350.256
       350011223000040       11223         350       9137.1148
       352000055000248          55         352       18441.333
       352000444000040         444         352       16350.256
       353000103000165         103         353       7648.8132
       353000103000167         103         353       7648.8132
       353000103000190         103         353       7648.8132
       353000103000040         103         353       49.000000
       353000103000194         103         353       16350.256
       354013831000040       13831         354       7648.8132
       359012408001244       12408         359       18441.333
       361000078002498          78         361       16350.256
       361000078002509          78         361       9137.1148
       362000119008980         119         362       1966.3860
       362025133001450       25133         362       1966.3860
       363022183000040       22183         363       9137.1148
       364000079000040          79         364       705.08333
       364000079000079          79         364       7648.8132
       364000079000090          79         364       7648.8132
       364026270000040       26270         364       18441.333
       365000132019736         132         365       196.51852
       365000132019830         132         365       9137.1148
       365000427000040         427         365       5063.2400
       366000106006908         106         366       5063.2400
       366000121001500         121         366       16350.256
       367000142033530         142         367       16350.256
       367000142033573         142         367       9137.1148
       367000142033526         142         367       7648.8132
       367000142033851         142         367       7648.8132
       367014417000141       14417         367       7648.8132
       367014417000467       14417         367       7648.8132
       367014417000557       14417         367       7648.8132
       367014417000700       14417         367       7648.8132
       367014417000777       14417         367       7648.8132
       367014417000909       14417         367       7648.8132
       367014417000040       14417         367       705.08333
       367014417000089       14417         367       9137.1148
       367014417000138       14417         367       9137.1148
       367014417000564       14417         367       9137.1148
       367014417000472       14417         367       9137.1148
       367014417000490       14417         367       9137.1148
       367014417000263       14417         367       16350.256
       367014417000269       14417         367       16350.256
       367014417000260       14417         367       7959.9011
       368000026000040          26         368       1966.3860
       368010548001730       10548         368       7648.8132
       368010548000254       10548         368       16350.256
       368010548001694       10548         368       9137.1148
       369000086058904          86         369       10801.980
       369000147000106         147         369       10801.980
       369006542000227        6542         369       16350.256
       369006542000244        6542         369       16350.256
       369006542000382        6542         369       16350.256
       369006542000365        6542         369       7648.8132
       369006542000164        6542         369       7648.8132
       369006542000040        6542         369       49.000000
       372000803000040         803         372       18441.333
       374019282000040       19282         374       705.08333
       374019282000094       19282         374       16350.256
       374019282000123       19282         374       16350.256
       374019282004750       19282         374       16350.256
       374019282000117       19282         374       7959.9011
       375004475000040        4475         375       7648.8132
       375015328000123       15328         375       7648.8132
       375015328000246       15328         375       7648.8132
       375015328000040       15328         375       196.51852
       375015328000148       15328         375       1985.6087
       375015328000250       15328         375       7959.9011
       375015328000129       15328         375       7959.9011
       375015328000131       15328         375       16350.256
       375015328000118       15328         375       9137.1148
       375015328000119       15328         375       9137.1148
       375015328000209       15328         375       9137.1148
       375015328000212       15328         375       9137.1148
       375015328000217       15328         375       9137.1148
       377000435000040         435         377       5063.2400
       378000377000051         377         378       9137.1148
       378000377000040         377         378       10801.980
       379000127000261         127         379       10801.980
       379000127000227         127         379       7959.9011
       379000127000040         127         379       10.000000
       379000127000222         127         379       7648.8132
       385000063000049          63         385       9137.1148
       387016221000040       16221         387       5063.2400
       388000049023544          49         388       9137.1148
       388000049023535          49         388       18441.333
       388009799100995        9799         388       7648.8132
       392000092000040          92         392       705.08333
       395000126000040         126         395       1985.6087
       395000265000436         265         395       7648.8132
       395000531000040         531         395       10801.980
       395000531000053         531         395       16350.256
       398012861000040       12861         398       16350.256
       399000164000148         164         399       7648.8132
       399000164000040         164         399       49.000000
       399011207004919       11207         399       1966.3860
       400006784000042        6784         400       7648.8132
       400006784000040        6784         400       9137.1148
       402000036001039          36         402       9137.1148
       402000036000902          36         402       9137.1148
       402000036000903          36         402       9137.1148
       402000036000931          36         402       7648.8132
       402000036000810          36         402       49.000000
       402000066000040          66         402       1985.6087
       402019617000040       19617         402       5063.2400
       403022317001848       22317         403       1966.3860
       403022334000040       22334         403       5063.2400
       403022334000055       22334         403       9137.1148
       404000064000433          64         404       16350.256
       404000064000283          64         404       10.000000
       404000064000557          64         404       7648.8132
       407022696000040       22696         407       10.000000
       407022696000226       22696         407       9137.1148
       407022696000185       22696         407       7959.9011
       408018645000294       18645         408       9137.1148
       408018645000283       18645         408       10801.980
       412000079000282          79         412       9137.1148
       412000079000167          79         412       9137.1148
       412000079000173          79         412       9137.1148
       412000079000040          79         412       49.000000
       412000079000207          79         412       7648.8132
       412010675004235       10675         412       10801.980
       414000107000400         107         414       1966.3860
       414012094000040       12094         414       5063.2400
       414012094000060       12094         414       7959.9011
       415000124000300         124         415       9137.1148
       415000124000318         124         415       7648.8132
       415000675000040         675         415       5063.2400
       416000069000225          69         416       7648.8132
       416000069000205          69         416       10801.980
       418000117000074         117         418       7648.8132
       418000117000040         117         418       5063.2400
       421006380000905        6380         421       1966.3860
       422000106000040         106         422       705.08333
       422000106000564         106         422       9137.1148
       422008247000040        8247         422       9137.1148
       422008247000052        8247         422       7959.9011
       423000125000096         125         423       9137.1148
       423000125000040         125         423       1966.3860
       425019679018541       19679         425       10801.980
       425019679018571       19679         425       7959.9011
       426000139000097         139         426       16350.256
       426000139000130         139         426       16350.256
       426000139000112         139         426       9137.1148
       426000139000040         139         426       705.08333
       426000139000091         139         426       7648.8132
       427017604000040       17604         427       18441.333
       429019038000040       19038         429       7648.8132
       430008535000078        8535         430       7648.8132
       430008535000286        8535         430       7648.8132
       430008535000295        8535         430       7648.8132
       430008535000767        8535         430       7648.8132
       430008535001550        8535         430       7648.8132
       430008535000040        8535         430       196.51852
       430008535000764        8535         430       9137.1148
       430008535000114        8535         430       9137.1148
       430008535000076        8535         430       9137.1148
       430009599002661        9599         430       9137.1148
       430009599002652        9599         430       9137.1148
       430009599002818        9599         430       16350.256
       430009599002592        9599         430       196.51852
       430009599002657        9599         430       7648.8132
       430009599002658        9599         430       7648.8132
       431000183030769         183         431       7648.8132
       431000183084148         183         431       7648.8132
       431000183084261         183         431       7648.8132
       431000183084265         183         431       7648.8132
       431000183084271         183         431       7648.8132
       431000183084017         183         431       10.000000
       431000183084143         183         431       9137.1148
       431000183084165         183         431       9137.1148
       431000183084171         183         431       9137.1148
       431000183084174         183         431       9137.1148
       431000183084203         183         431       9137.1148
       431000183084209         183         431       9137.1148
       433000102000040         102         433       18441.333
       433013790011913       13790         433       9137.1148
       433013962000040       13962         433       10801.980
       436000075025539          75         436       9137.1148
       436000563000040         563         436       16350.256
       436017494000040       17494         436       8.3333333
       437005148140539        5148         437       196.51852
       437005148140652        5148         437       7648.8132
       437005148140661        5148         437       9137.1148
       437005148141791        5148         437       7959.9011
       437005184000064        5184         437       7959.9011
       437005184000040        5184         437       5063.2400
       438000125000040         125         438       49.000000
       438000125000135         125         438       7648.8132
       438000125000144         125         438       7648.8132
       438000125000428         125         438       7648.8132
       438000125000603         125         438       7959.9011
       438000125000247         125         438       9137.1148
       438000125000313         125         438       9137.1148
       438000125000322         125         438       9137.1148
       438000125000328         125         438       9137.1148
       438000125000136         125         438       9137.1148
       438000125000142         125         438       9137.1148
       438000125000434         125         438       9137.1148
       438000127002696         127         438       7648.8132
       438000130000428         130         438       7648.8132
       438000130000040         130         438       196.51852
       438000130000115         130         438       9137.1148
       438000130000137         130         438       16350.256
       438000130000439         130         438       16350.256
       438025578000040       25578         438       10801.980
       438025578000049       25578         438       9137.1148
       440002450000040        2450         440       16350.256
       440024802000040       24802         440       18441.333
       447022816000209       22816         447       16350.256
       447022816000278       22816         447       16350.256
       447022816000339       22816         447       9137.1148
       447022816000368       22816         447       9137.1148
       447022816000199       22816         447       9137.1148
       447022816000204       22816         447       9137.1148
       447022816000040       22816         447       10.000000
       447022816000374       22816         447       7648.8132
       447022816000449       22816         447       7648.8132
       447022816000208       22816         447       7648.8132
       449005945000040        5945         449       9137.1148
       450002093000040        2093         450       18441.333
       451000079000199          79         451       9137.1148
       451000079000208          79         451       16350.256
       451000079000040          79         451       10.000000
       457000414000077         414         457       7648.8132
       457000414000074         414         457       9137.1148
       457000414000040         414         457       18441.333
       457006913000090        6913         457       7648.8132
       457006913000077        6913         457       1985.6087
       458000123000040         123         458       1985.6087
       458000123000125         123         458       7959.9011
       459001159001924        1159         459       1966.3860
       459004078000040        4078         459       7648.8132
       461000081000152          81         461       7648.8132
       461000081000156          81         461       7648.8132
       461000081000040          81         461       10.000000
       461000081000155          81         461       7959.9011
       461000081000165          81         461       18441.333
       461006255000040        6255         461       7648.8132
       461024647000040       24647         461       18441.333
       464001492000118        1492         464       7648.8132
       464001492000238        1492         464       7648.8132
       464001492000040        1492         464       705.08333
       464001492002041        1492         464       7959.9011
       464001492000104        1492         464       9137.1148
       464001492000427        1492         464       9137.1148
       464001492000649        1492         464       9137.1148
       464001492000669        1492         464       9137.1148
       464001637000040        1637         464       1966.3860
       464003002000040        3002         464       18441.333
       465001635006678        1635         465       1966.3860
       465001981000045        1981         465       7648.8132
       465001981000040        1981         465       18441.333
       466001066000040        1066         466       18441.333
       467000098000177          98         467       7648.8132
       467000098001000          98         467       7648.8132
       467000098000040          98         467       1985.6087
       467000098000066          98         467       9137.1148
       467000098000075          98         467       9137.1148
       467000098000140          98         467       9137.1148
       467001003000040        1003         467       5063.2400
       468001481000707        1481         468       7648.8132
       468001481000788        1481         468       7648.8132
       468001481000209        1481         468       9137.1148
       468001481000255        1481         468       9137.1148
       468001481000544        1481         468       9137.1148
       468001481000167        1481         468       16350.256
       470000166000176         166         470       9137.1148
       470000166000181         166         470       9137.1148
       470000166000221         166         470       9137.1148
       470000166000218         166         470       7648.8132
       470000166000174         166         470       7648.8132
       470000166000040         166         470       49.000000
       471000221001186         221         471       7648.8132
       471000221001192         221         471       7648.8132
       478003929000040        3929         478       705.08333
       478003929000063        3929         478       16350.256
       479000136000358         136         479       10801.980
       479002343000281        2343         479       16350.256
       479002343000213        2343         479       16350.256
       479002343000217        2343         479       16350.256
       479002343000171        2343         479       9137.1148
       479002343000244        2343         479       9137.1148
       479002343000259        2343         479       9137.1148
       479002343000040        2343         479       49.000000
       479002343000205        2343         479       7648.8132
       479002343000211        2343         479       7648.8132
       479002345000214        2345         479       7648.8132
       479002345000329        2345         479       9137.1148
       479002346029170        2346         479       9137.1148
       479002346029161        2346         479       18441.333
       482023433000250       23433         482       16350.256
       482023433000248       23433         482       7648.8132
       482023433000040       23433         482       49.000000
       485008674004227        8674         485       1966.3860
       486000114000040         114         486       196.51852
       486000114000101         114         486       7648.8132
       486000114000128         114         486       7648.8132
       486000114000102         114         486       16350.256
       486000114000109         114         486       10801.980
       486000114000217         114         486       9137.1148
       486000114000123         114         486       9137.1148
       486015437000040       15437         486       1966.3860
       489000127000040         127         489       1985.6087
       489000127000151         127         489       7648.8132
       489000127000062         127         489       7648.8132
       489000127000066         127         489       9137.1148
       489002989000040        2989         489       9137.1148
       491007201000040        7201         491       7648.8132
       492000214000061         214         492       7648.8132
       492000214000066         214         492       9137.1148
       492000214000040         214         492       10801.980
       495000173000521         173         495       5063.2400
       497000104000040         104         497       5063.2400
       497000104000121         104         497       7959.9011
       497003425042349        3425         497       9137.1148
       497003425042350        3425         497       9137.1148
       497003425042411        3425         497       9137.1148
       497003425042693        3425         497       9137.1148
       497003425042810        3425         497       9137.1148
       497003425042542        3425         497       9137.1148
       497003425042191        3425         497       10.000000
       497003425042346        3425         497       7648.8132
       497003425042408        3425         497       7959.9011
       497003425042352        3425         497       7648.8132
       497003425042402        3425         497       7648.8132
       497003425042479        3425         497       7648.8132
       497003425042591        3425         497       7648.8132
       497003425043302        3425         497       7648.8132
       497003425042353        3425         497       18441.333
       497003425042361        3425         497       18441.333
       497003776000040        3776         497       10801.980
       499008626000240        8626         499       9137.1148
       499008626000233        8626         499       7648.8132
       499008626000248        8626         499       7648.8132
       499008626000431        8626         499       7648.8132
       499008626000624        8626         499       7648.8132
       499008626000442        8626         499       16350.256
       500013362000233       13362         500       7959.9011
       500013362000334       13362         500       7959.9011
       500013362000040       13362         500       49.000000
       500013362000410       13362         500       9137.1148
       500013362000237       13362         500       9137.1148
       500013362000225       13362         500       9137.1148
       503022487003199       22487         503       7648.8132
       508000125000040         125         508       10.000000
       508000125000325         125         508       9137.1148
       508000125000378         125         508       9137.1148
       508000125000385         125         508       9137.1148
       508000125000445         125         508       9137.1148
       508000125000451         125         508       9137.1148
       508000125000460         125         508       9137.1148
       508000125000226         125         508       16350.256
       508011902002704       11902         508       18441.333
       508011902003079       11902         508       9137.1148
       508011902003089       11902         508       9137.1148
       508011902002735       11902         508       9137.1148
       508011902002805       11902         508       9137.1148
       508011902002812       11902         508       9137.1148
       508011902002631       11902         508       49.000000
       508011902003513       11902         508       7648.8132
       508011902002965       11902         508       7959.9011
       508011902002797       11902         508       7648.8132
       508011902002800       11902         508       7648.8132
       508011902002698       11902         508       7648.8132
       508011902002702       11902         508       7648.8132
       510001492000040        1492         510       16350.256
