        1380
               4005309           4           0       13644.722
              12001586          12           0       13644.722
              12001632          12           0       8026.6430
              12000036          12           0       621.57143
              12000179          12           0       7054.4753
              12000549          12           0       7054.4753
            4340002847        4340           0       7054.4753
            4340002585        4340           0       7054.4753
            4340003058        4340           0       7054.4753
            4340002169        4340           0       155.88889
            4340003041        4340           0       8026.6430
            4340003403        4340           0       8026.6430
            4340002836        4340           0       8026.6430
            4340002394        4340           0       8026.6430
            4340002526        4340           0       8026.6430
            4340002570        4340           0       8026.6430
            4340002496        4340           0       8026.6430
            4340004385        4340           0       8026.6430
            4340002535        4340           0       18506.529
         1000096000036          96           1       4212.5385
         4020889000036       20889           4       13644.722
         8012933000783       12933           8       8026.6430
         8012933002974       12933           8       8026.6430
         8012933000946       12933           8       8026.6430
         8012933002236       12933           8       8026.6430
         8012933000406       12933           8       50.800000
         8012933000954       12933           8       7054.4753
         8012933002245       12933           8       7054.4753
         8012933000876       12933           8       7054.4753
         8012933000941       12933           8       7054.4753
         8012933001663       12933           8       7054.4753
         8012933002195       12933           8       7054.4753
         8012933002227       12933           8       31227.462
         8012933000789       12933           8       31227.462
         9000039000073          39           9       7054.4753
         9000039000085          39           9       8026.6430
         9000039000036          39           9       13644.722
         9001775000036        1775           9       31227.462
         9019768000036       19768           9       15499.968
        11000656000052         656          11       18506.529
        11000656000082         656          11       8026.6430
        11000656000036         656          11       31227.462
        12000052004240          52          12       31227.462
        12000052000405          52          12       8026.6430
        12000052002352          52          12       8026.6430
        12000052000507          52          12       7054.4753
        12000052000552          52          12       7054.4753
        12000052005184          52          12       7054.4753
        12000052000438          52          12       7054.4753
        12000052000112          52          12       7054.4753
        12000052000036          52          12       621.57143
        15011466000036       11466          15       18506.529
        16013258000036       13258          16       15499.968
        20000001004344           1          20       8026.6430
        20000001000347           1          20       8026.6430
        20000001000333           1          20       8026.6430
        20000001000247           1          20       8026.6430
        20000001000255           1          20       8026.6430
        20000001000343           1          20       8026.6430
        20000001000036           1          20       621.57143
        20000001000397           1          20       7054.4753
        20000001000388           1          20       7054.4753
        20000001002164           1          20       7054.4753
        21000768000050         768          21       7054.4753
        21000768000036         768          21       25536.543
        23003330000676        3330          23       7054.4753
        23003330000676        3330          23       7054.4753
        23003330000685        3330          23       7054.4753
        23003330000685        3330          23       7054.4753
        23003330000695        3330          23       7054.4753
        23003330000695        3330          23       7054.4753
        23003330001061        3330          23       7054.4753
        23003330001061        3330          23       7054.4753
        23003330002417        3330          23       7054.4753
        23003330002417        3330          23       7054.4753
        23003330002428        3330          23       7054.4753
        23003330002428        3330          23       7054.4753
        23003330005323        3330          23       7054.4753
        23003330005386        3330          23       7054.4753
        23003330005386        3330          23       7054.4753
        23003330007406        3330          23       7054.4753
        23003330007406        3330          23       7054.4753
        23003330003764        3330          23       7054.4753
        23003330003764        3330          23       7054.4753
        23003330037123        3330          23       7054.4753
        23003330000671        3330          23       7054.4753
        23003330000671        3330          23       7054.4753
        23003330001628        3330          23       7054.4753
        23003330001628        3330          23       7054.4753
        23003330005323        3330          23       7054.4753
        23003330003789        3330          23       8026.6430
        23003330003789        3330          23       8026.6430
        23003330010122        3330          23       8026.6430
        23003330010122        3330          23       8026.6430
        23003330036083        3330          23       8026.6430
        23003330002456        3330          23       8026.6430
        23003330002456        3330          23       8026.6430
        23003330008745        3330          23       8026.6430
        23003330000707        3330          23       8026.6430
        23003330000707        3330          23       8026.6430
        23003330000662        3330          23       8026.6430
        23003330000662        3330          23       8026.6430
        23003330001068        3330          23       8026.6430
        23003330001068        3330          23       8026.6430
        23003330004482        3330          23       8026.6430
        23003330004482        3330          23       8026.6430
        23003330008745        3330          23       8026.6430
        23003330001016        3330          23       18506.529
        23003330001016        3330          23       18506.529
        23003330001041        3330          23       18506.529
        23003330001041        3330          23       18506.529
        34000013000497          13          34       8026.6430
        34000013000744          13          34       8026.6430
        34000013000900          13          34       8026.6430
        34000013000924          13          34       8026.6430
        35006911000152        6911          35       8026.6430
        35006911000260        6911          35       7054.4753
        35006911000036        6911          35       621.57143
        36007273000036        7273          36       4212.5385
        38001579000036        1579          38       8026.6430
        44000707000036         707          44       25536.543
        44001694000036        1694          44       25536.543
        47002079004317        2079          47       8026.6430
        47002079004282        2079          47       13644.722
        47002107000184        2107          47       8026.6430
        47002107000105        2107          47       8026.6430
        47002107000036        2107          47       4212.5385
        47002107000100        2107          47       7054.4753
        47002186000036        2186          47       13644.722
        47002186000138        2186          47       8026.6430
        51000399000036         399          51       15499.968
        57000067000036          67          57       5961.5500
        57013029000036       13029          57       15499.968
        57013029000093       13029          57       8026.6430
        58005661000036        5661          58       8026.6430
        62000915000036         915          62       18506.529
        63012127000036       12127          63       25536.543
        64000007000225           7          64       8026.6430
        66005537000036        5537          66       18506.529
        68010162000938       10162          68       18506.529
        68010162000923       10162          68       15499.968
        68010184000686       10184          68       25536.543
        70003287000036        3287          70       8026.6430
        71000312000359         312          71       18506.529
        73000059003258          59          73       18506.529
        73000059001965          59          73       18506.529
        73000059001676          59          73       18506.529
        73000059000669          59          73       18506.529
        73000059000585          59          73       8026.6430
        73000059004475          59          73       8026.6430
        73000059001933          59          73       8026.6430
        73000059000658          59          73       8026.6430
        73000059001113          59          73       8026.6430
        73000059001350          59          73       8026.6430
        73000059000879          59          73       8026.6430
        73000059000887          59          73       8026.6430
        73000059000973          59          73       8026.6430
        73000059000036          59          73       5.8000000
        73000059000663          59          73       7054.4753
        73000059001639          59          73       7054.4753
        73000059001943          59          73       7054.4753
        73000059000594          59          73       7054.4753
        73000059002885          59          73       7054.4753
        73000059003268          59          73       7054.4753
        73000059004402          59          73       7054.4753
        73000059004454          59          73       7054.4753
        73000059000984          59          73       31227.462
        73000059000674          59          73       31227.462
        73014237000928       14237          73       7054.4753
        73014237001160       14237          73       7054.4753
        73014237001172       14237          73       7054.4753
        73014237000499       14237          73       7054.4753
        73014237000036       14237          73       50.800000
        73014237001184       14237          73       7054.4753
        73014237001334       14237          73       8026.6430
        73014237000541       14237          73       8026.6430
        73014237000843       14237          73       8026.6430
        73014237000529       14237          73       8026.6430
        73014237000836       14237          73       8026.6430
        73014237001369       14237          73       8026.6430
        73014237001551       14237          73       8026.6430
        73014237001349       14237          73       8026.6430
        73014237001450       14237          73       8026.6430
        73014237000349       14237          73       8026.6430
        73014237000359       14237          73       15499.968
        81000901000036         901          81       8026.6430
        82000629000036         629          82       31227.462
        83000081000615          81          83       8026.6430
        83000081000862          81          83       8026.6430
        83000081002512          81          83       8026.6430
        83000081002528          81          83       8026.6430
        83000081000633          81          83       18506.529
        83000081002542          81          83       18506.529
        83000081000893          81          83       18506.529
        83000081000647          81          83       7054.4753
        83000081000797          81          83       7054.4753
        83000081002955          81          83       7054.4753
        83000081006151          81          83       7054.4753
        88004365002856        4365          88       15499.968
        88004365002885        4365          88       8026.6430
        89000034000151          34          89       7054.4753
        89000034000036          34          89       4212.5385
        89003427001037        3427          89       15499.968
        89003880000036        3880          89       25536.543
        90002867000036        2867          90       18506.529
        93000108000586         108          93       8026.6430
        93000108000683         108          93       8026.6430
        93000108000534         108          93       8026.6430
        93000108000444         108          93       8026.6430
        93000108000436         108          93       8026.6430
        93000108000430         108          93       8026.6430
        93000108000036         108          93       18.555556
        93000108000422         108          93       7054.4753
        93000108001122         108          93       7054.4753
        93000108001766         108          93       7054.4753
        93000108000579         108          93       7054.4753
        95017434000036       17434          95       15499.968
        96000015000937          15          96       18506.529
        96000015000391          15          96       18506.529
        96000015000706          15          96       18506.529
        96000015001417          15          96       13644.722
        96000015000699          15          96       8026.6430
        96000015000679          15          96       8026.6430
        96000015000952          15          96       8026.6430
        96000015001291          15          96       8026.6430
        96000015001334          15          96       8026.6430
        96000015001344          15          96       8026.6430
        96000015000384          15          96       8026.6430
        96000015001648          15          96       8026.6430
        96000015000694          15          96       8026.6430
        96000015001306          15          96       8026.6430
        96000015001404          15          96       8026.6430
        96000015000545          15          96       8026.6430
        96000015000555          15          96       8026.6430
        96000015000691          15          96       7054.4753
        96000015000389          15          96       7054.4753
        96000015001661          15          96       7054.4753
        96000015000930          15          96       7054.4753
        96000015000036          15          96       50.800000
        96000015000686          15          96       7054.4753
        96000015001436          15          96       7054.4753
        96000015001675          15          96       31227.462
        96000015000746          15          96       25536.543
        96000015000574          15          96       31227.462
       100018558000036       18558         100       18506.529
       107000246000311         246         107       15499.968
       107000246000363         246         107       7054.4753
       122000097003739          97         122       155.88889
       123000085003487          85         123       8026.6430
       123000085003771          85         123       8026.6430
       125010256003981       10256         125       7054.4753
       126000089024710          89         126       7054.4753
       126000089024732          89         126       7054.4753
       126000089024736          89         126       7054.4753
       126000089025596          89         126       7054.4753
       126000089024106          89         126       18.555556
       126000089000036          89         126       5.8000000
       126000089024880          89         126       7054.4753
       126000089024890          89         126       7054.4753
       126000089000953          89         126       7054.4753
       126000089001641          89         126       8026.6430
       126000089024905          89         126       8026.6430
       126000089025100          89         126       8026.6430
       126000089026493          89         126       8026.6430
       126000089028290          89         126       8026.6430
       126000089028755          89         126       8026.6430
       126000089030534          89         126       8026.6430
       126000089000783          89         126       8026.6430
       126000089000926          89         126       8026.6430
       126000089000958          89         126       8026.6430
       126000089025306          89         126       8026.6430
       126000089031043          89         126       8026.6430
       126000089024718          89         126       8026.6430
       126000089001206          89         126       18506.529
       126000089024662          89         126       18506.529
       126000089024727          89         126       18506.529
       126000089000934          89         126       18506.529
       126000089024604          89         126       18506.529
       126000089000696          89         126       18506.529
       126000089000969          89         126       18506.529
       126000089000975          89         126       18506.529
       126000089024744          89         126       18506.529
       126000089002289          89         126       18506.529
       126000089002711          89         126       18506.529
       126000089002725          89         126       18506.529
       126000089004603          89         126       8026.6430
       126000089000687          89         126       8026.6430
       126000089000684          89         126       8026.6430
       126000089000677          89         126       8026.6430
       126000089000666          89         126       8026.6430
       126000089000657          89         126       8026.6430
       126000089024607          89         126       8026.6430
       126003765001887        3765         126       18506.529
       126003765001931        3765         126       8026.6430
       126003765001894        3765         126       7054.4753
       130019845001526       19845         130       7054.4753
       130019845000151       19845         130       50.800000
       130019845000327       19845         130       8026.6430
       137003895001772        3895         137       8026.6430
       137003895000530        3895         137       18506.529
       137003895000824        3895         137       18506.529
       137003895000036        3895         137       621.57143
       137003895000525        3895         137       7054.4753
       137003895001145        3895         137       7054.4753
       137003895000236        3895         137       7054.4753
       137003895000381        3895         137       25536.543
       141006567000036        6567         141       31227.462
       141006695000036        6695         141       7054.4753
       144001428000036        1428         144       8026.6430
       145005343000543        5343         145       8026.6430
       145005343000124        5343         145       7054.4753
       145005343000281        5343         145       7054.4753
       145005343000036        5343         145       1098.1905
       146008270000036        8270         146       31227.462
       146010473000036       10473         146       18506.529
       148000039000224          39         148       8026.6430
       148000039000204          39         148       8026.6430
       148000039000296          39         148       8026.6430
       148000039000584          39         148       8026.6430
       148000039000036          39         148       155.88889
       148000039000230          39         148       7054.4753
       148000039000750          39         148       7054.4753
       148000039000200          39         148       7054.4753
       148000039000203          39         148       7054.4753
       148000039004125          39         148       7054.4753
       152000068000387          68         152       7054.4753
       152000068000252          68         152       7054.4753
       152000068000036          68         152       155.88889
       152000068000260          68         152       8026.6430
       152000068000255          68         152       8026.6430
       152000068000336          68         152       8026.6430
       152000068000348          68         152       15499.968
       152000068000539          68         152       31227.462
       152019606000036       19606         152       25536.543
       152019606000049       19606         152       8026.6430
       152019606000048       19606         152       7054.4753
       153001881000036        1881         153       31227.462
       156009218000145        9218         156       7054.4753
       156009218000036        9218         156       4212.5385
       156009218000098        9218         156       18506.529
       157000342000036         342         157       31227.462
       159001769000036        1769         159       18506.529
       160000031000192          31         160       8026.6430
       160000031000158          31         160       8026.6430
       160000031000036          31         160       155.88889
       160000031000366          31         160       7054.4753
       160000031000447          31         160       7054.4753
       160000031000279          31         160       7054.4753
       162001377000036        1377         162       18506.529
       165000082015715          82         165       7054.4753
       165000082015632          82         165       1098.1905
       165002444000036        2444         165       8026.6430
       167000129000036         129         167       621.57143
       167000129000253         129         167       7054.4753
       171000126002838         126         171       1098.1905
       171000126002917         126         171       8026.6430
       171003927000152        3927         171       8026.6430
       171003927000135        3927         171       8026.6430
       171003927000164        3927         171       8026.6430
       171003927000405        3927         171       8026.6430
       171003927000248        3927         171       15499.968
       171003927000396        3927         171       7054.4753
       171003927000036        3927         171       1098.1905
       171003927000424        3927         171       7054.4753
       171003927000132        3927         171       7054.4753
       180000065009780          65         180       15499.968
       180000166000315         166         180       13644.722
       180023307000036       23307         180       5961.5500
       188004142000036        4142         188       5961.5500
       190008502000036        8502         190       18506.529
       191000122001764         122         191       18506.529
       191000122002790         122         191       18506.529
       191000122000215         122         191       18506.529
       191000122001746         122         191       18506.529
       191000122000700         122         191       18506.529
       191000122000419         122         191       8026.6430
       191000122001939         122         191       8026.6430
       191000122000225         122         191       8026.6430
       191000122002417         122         191       8026.6430
       191000122000356         122         191       8026.6430
       191000122000690         122         191       8026.6430
       191000122002049         122         191       7054.4753
       191000122003011         122         191       7054.4753
       191000122000036         122         191       50.800000
       191000122001330         122         191       7054.4753
       191000122000214         122         191       7054.4753
       191000122000211         122         191       7054.4753
       191000122000229         122         191       25536.543
       191025287000036       25287         191       18506.529
       195000097000117          97         195       8026.6430
       195000097000207          97         195       8026.6430
       195000097000271          97         195       7054.4753
       195000097000323          97         195       7054.4753
       195000097000036          97         195       621.57143
       196000000000152           0         196       7054.4753
       196000000000500           0         196       7054.4753
       196000000000506           0         196       7054.4753
       196000000000534           0         196       7054.4753
       196000000000889           0         196       7054.4753
       196000000000143           0         196       8026.6430
       196000000000433           0         196       8026.6430
       196000000000156           0         196       8026.6430
       196000000000441           0         196       8026.6430
       196000000001019           0         196       8026.6430
       196000000001185           0         196       8026.6430
       196000000000419           0         196       31227.462
       198000355000036         355         198       15499.968
       198000355000048         355         198       8026.6430
       199019439000632       19439         199       18506.529
       199019439000328       19439         199       18506.529
       199019439000832       19439         199       8026.6430
       199019439001135       19439         199       7054.4753
       199019439000036       19439         199       50.800000
       199019439000400       19439         199       7054.4753
       199019439001344       19439         199       7054.4753
       199019439000326       19439         199       7054.4753
       199019439000645       19439         199       25536.543
       199019439000639       19439         199       18506.529
       201001907000036        1907         201       7054.4753
       203000139000169         139         203       7054.4753
       203000139000251         139         203       7054.4753
       203000139000036         139         203       1098.1905
       203000139000279         139         203       8026.6430
       203000139000166         139         203       8026.6430
       204011693000036       11693         204       4212.5385
       204011693000097       11693         204       7054.4753
       211008907034813        8907         211       7054.4753
       211008907034676        8907         211       7054.4753
       211008907034469        8907         211       50.800000
       211008907034816        8907         211       8026.6430
       211008907034821        8907         211       8026.6430
       211008907034936        8907         211       8026.6430
       211008907034982        8907         211       8026.6430
       211008907035281        8907         211       8026.6430
       211025657000036       25657         211       25536.543
       212019569001538       19569         212       25536.543
       213015311000036       15311         213       25536.543
       213015311000060       15311         213       7054.4753
       215000494000036         494         215       18506.529
       216006984000036        6984         216       18506.529
       217008631000036        8631         217       8026.6430
       219000516000167         516         219       31227.462
       222006936000036        6936         222       7054.4753
       223026026000036       26026         223       4212.5385
       223026026000255       26026         223       7054.4753
       223026026000163       26026         223       7054.4753
       223026026000120       26026         223       7054.4753
       223026026000097       26026         223       8026.6430
       224000065016317          65         224       1098.1905
       227011743000036       11743         227       18.555556
       227011743000703       11743         227       7054.4753
       227011743000982       11743         227       7054.4753
       227011743000988       11743         227       7054.4753
       227011743000603       11743         227       7054.4753
       227011743000811       11743         227       7054.4753
       227011743000688       11743         227       8026.6430
       227011743000692       11743         227       8026.6430
       227011743000696       11743         227       8026.6430
       227011743000720       11743         227       8026.6430
       227011743000996       11743         227       8026.6430
       227011743001007       11743         227       8026.6430
       227011743001153       11743         227       8026.6430
       227011743001275       11743         227       8026.6430
       227011743001476       11743         227       8026.6430
       227011743000612       11743         227       8026.6430
       227011743000610       11743         227       8026.6430
       227011743000707       11743         227       8026.6430
       227011743000827       11743         227       8026.6430
       227011743000838       11743         227       8026.6430
       227011743000633       11743         227       25536.543
       227011743000618       11743         227       31227.462
       227011743001012       11743         227       31227.462
       229006611000036        6611         229       8026.6430
       235000105000036         105         235       13644.722
       235000172002253         172         235       8026.6430
       235000172000288         172         235       8026.6430
       235000172000300         172         235       8026.6430
       235000172000133         172         235       8026.6430
       235000172000123         172         235       7054.4753
       235000172000162         172         235       7054.4753
       235000172000583         172         235       7054.4753
       235000172000036         172         235       1098.1905
       240000032000036          32         240       621.57143
       240000032000356          32         240       7054.4753
       240000032000132          32         240       18506.529
       240000032000179          32         240       18506.529
       244004930037346        4930         244       25536.543
       244004930037567        4930         244       7054.4753
       244004930037787        4930         244       7054.4753
       244004930037256        4930         244       621.57143
       244004930037337        4930         244       7054.4753
       244004930037620        4930         244       8026.6430
       244004930039726        4930         244       18506.529
       244004930037338        4930         244       8026.6430
       244010780000036       10780         244       8026.6430
       246006919000036        6919         246       31227.462
       247023301000036       23301         247       8026.6430
       248000048038805          48         248       8026.6430
       248000048040310          48         248       8026.6430
       248000048041709          48         248       8026.6430
       248000048041798          48         248       8026.6430
       248000048040269          48         248       8026.6430
       248000048038681          48         248       8026.6430
       248000048038776          48         248       8026.6430
       248000048038784          48         248       8026.6430
       248000048056014          48         248       8026.6430
       248000048038612          48         248       8026.6430
       248000048038791          48         248       18506.529
       248000048038624          48         248       7054.4753
       248000048038621          48         248       7054.4753
       248000048038619          48         248       7054.4753
       248000048038616          48         248       7054.4753
       248000048038088          48         248       18.555556
       248000048038798          48         248       7054.4753
       248000048049454          48         248       7054.4753
       248000048042621          48         248       7054.4753
       248000048043293          48         248       7054.4753
       248000048044098          48         248       7054.4753
       248000048054328          48         248       7054.4753
       248000048041321          48         248       7054.4753
       248000048040321          48         248       31227.462
       255001144000036        1144         255       18506.529
       255001144000048        1144         255       8026.6430
       257000192000036         192         257       5961.5500
       257000192000088         192         257       7054.4753
       261007572000166        7572         261       15499.968
       264000054000251          54         264       8026.6430
       264000054000244          54         264       8026.6430
       264000054000244          54         264       8026.6430
       264000054000251          54         264       8026.6430
       264000054000901          54         264       8026.6430
       264000054000901          54         264       8026.6430
       264000054000247          54         264       7054.4753
       264000054000247          54         264       7054.4753
       264000054000036          54         264       155.88889
       264000054000036          54         264       155.88889
       264000054000327          54         264       7054.4753
       264000054000327          54         264       7054.4753
       264000054001024          54         264       7054.4753
       264000054001024          54         264       7054.4753
       264000054002543          54         264       7054.4753
       264000054002543          54         264       7054.4753
       265010259000036       10259         265       31227.462
       269004282000084        4282         269       7054.4753
       269004282000036        4282         269       5961.5500
       270000485000036         485         270       25536.543
       276000740000036         740         276       31227.462
       282004950019281        4950         282       18506.529
       282004950020016        4950         282       18506.529
       282004950019606        4950         282       18506.529
       282004950019580        4950         282       18506.529
       282004950018784        4950         282       18.555556
       282004950019244        4950         282       7054.4753
       282004950019441        4950         282       7054.4753
       282004950019444        4950         282       7054.4753
       282004950019577        4950         282       7054.4753
       282004950020336        4950         282       7054.4753
       282004950020902        4950         282       7054.4753
       282004950021117        4950         282       8026.6430
       282004950011692        4950         282       8026.6430
       282004950019233        4950         282       8026.6430
       282004950019237        4950         282       8026.6430
       282004950019245        4950         282       8026.6430
       282004950019251        4950         282       8026.6430
       282004950019260        4950         282       8026.6430
       282004950019265        4950         282       8026.6430
       282004950019436        4950         282       8026.6430
       282004950019586        4950         282       8026.6430
       282004950019599        4950         282       8026.6430
       282004950019998        4950         282       8026.6430
       282004950020319        4950         282       8026.6430
       282004950020327        4950         282       8026.6430
       283000101000155         101         283       8026.6430
       283000101000158         101         283       8026.6430
       283000101000393         101         283       8026.6430
       283000101000406         101         283       8026.6430
       283000101000151         101         283       7054.4753
       283000101000036         101         283       1098.1905
       283003474000036        3474         283       18506.529
       286000033017762          33         286       8026.6430
       286000033017771          33         286       8026.6430
       286000033002894          33         286       8026.6430
       286000033006442          33         286       8026.6430
       286000033001873          33         286       7054.4753
       286000033005631          33         286       7054.4753
       286000033017767          33         286       7054.4753
       286000033005664          33         286       7054.4753
       286000033025718          33         286       7054.4753
       286000033017755          33         286       18506.529
       292000037000036          37         292       5961.5500
       292002060059472        2060         292       5.8000000
       292002060060099        2060         292       7054.4753
       292002060060106        2060         292       7054.4753
       292002060060107        2060         292       7054.4753
       292002060060117        2060         292       7054.4753
       292002060060406        2060         292       7054.4753
       292002060060408        2060         292       7054.4753
       292002060060411        2060         292       7054.4753
       292002060060418        2060         292       7054.4753
       292002060060639        2060         292       7054.4753
       292002060060678        2060         292       7054.4753
       292002060060832        2060         292       8026.6430
       292002060060996        2060         292       8026.6430
       292002060060118        2060         292       8026.6430
       292002060060128        2060         292       8026.6430
       292002060060130        2060         292       8026.6430
       292002060060655        2060         292       18506.529
       292002060060111        2060         292       18506.529
       292002805000036        2805         292       18506.529
       293000100004395         100         293       8026.6430
       293000100000433         100         293       8026.6430
       293000100000624         100         293       8026.6430
       293000100000639         100         293       8026.6430
       293000100000667         100         293       8026.6430
       293000100000867         100         293       8026.6430
       293000100001547         100         293       8026.6430
       293000100000659         100         293       8026.6430
       293000100007962         100         293       8026.6430
       293000100000311         100         293       7054.4753
       293000100001552         100         293       7054.4753
       293000100001563         100         293       7054.4753
       293000100001579         100         293       7054.4753
       293000100004840         100         293       7054.4753
       293000100004384         100         293       18506.529
       293000100000315         100         293       18506.529
       293002138000045        2138         293       8026.6430
       293002138000036        2138         293       18506.529
       294001383000076        1383         294       8026.6430
       294001383000036        1383         294       25536.543
       295002951000036        2951         295       15499.968
       296003841034461        3841         296       18506.529
       296003841034579        3841         296       18506.529
       296003841034699        3841         296       18506.529
       296003841034717        3841         296       18506.529
       296003841034469        3841         296       8026.6430
       296003841035362        3841         296       8026.6430
       296003841037730        3841         296       8026.6430
       296003841034567        3841         296       7054.4753
       296003841035778        3841         296       7054.4753
       296003841034058        3841         296       50.800000
       296003841035604        3841         296       7054.4753
       296003841036777        3841         296       7054.4753
       296003841034401        3841         296       7054.4753
       296003841034399        3841         296       7054.4753
       296003841034574        3841         296       18506.529
       296003841034728        3841         296       31227.462
       296003841035068        3841         296       31227.462
       296004766000036        4766         296       15499.968
       299002332000036        2332         299       31227.462
       300003565000201        3565         300       18506.529
       300003565000196        3565         300       8026.6430
       300003565000195        3565         300       8026.6430
       300003565000243        3565         300       8026.6430
       300003565000294        3565         300       8026.6430
       300003565000369        3565         300       8026.6430
       300003565000200        3565         300       7054.4753
       300003565000036        3565         300       155.88889
       300003565000241        3565         300       7054.4753
       300003565000245        3565         300       7054.4753
       312000118000036         118         312       13644.722
       312023044000036       23044         312       5961.5500
       318000082000036          82         318       155.88889
       318000082000316          82         318       7054.4753
       318000082000351          82         318       7054.4753
       318000082000554          82         318       7054.4753
       318000082000242          82         318       8026.6430
       318000082000326          82         318       18506.529
       318000082000409          82         318       18506.529
       318000082000442          82         318       8026.6430
       318000082000561          82         318       8026.6430
       318000082000419          82         318       8026.6430
       318000082000514          82         318       8026.6430
       318000082000323          82         318       8026.6430
       320001197000046        1197         320       7054.4753
       320001197000036        1197         320       31227.462
       321002158001497        2158         321       15499.968
       321002186000332        2186         321       15499.968
       328000129000239         129         328       8026.6430
       328000129000160         129         328       4212.5385
       329004025000036        4025         329       5.8000000
       329004025006294        4025         329       7054.4753
       329004025002665        4025         329       7054.4753
       329004025004628        4025         329       7054.4753
       329004025004704        4025         329       7054.4753
       329004025006407        4025         329       7054.4753
       329004025000839        4025         329       7054.4753
       329004025002393        4025         329       7054.4753
       329004025002657        4025         329       7054.4753
       329004025003043        4025         329       7054.4753
       329004025003055        4025         329       7054.4753
       329004025006379        4025         329       7054.4753
       329004025006392        4025         329       7054.4753
       329004025002443        4025         329       7054.4753
       329004025019147        4025         329       7054.4753
       329004025000583        4025         329       8026.6430
       329004025000581        4025         329       8026.6430
       329004025000620        4025         329       18506.529
       329004025000612        4025         329       18506.529
       329004025000600        4025         329       18506.529
       329004025000592        4025         329       18506.529
       329004025001150        4025         329       8026.6430
       329004025000807        4025         329       8026.6430
       329004025000823        4025         329       8026.6430
       329004025000831        4025         329       8026.6430
       329004025007163        4025         329       8026.6430
       329004025009582        4025         329       8026.6430
       329004025010303        4025         329       8026.6430
       329004025010338        4025         329       8026.6430
       329004025011189        4025         329       8026.6430
       329004025005688        4025         329       8026.6430
       329004025006367        4025         329       8026.6430
       329004025004692        4025         329       8026.6430
       329004025003074        4025         329       8026.6430
       329004025003004        4025         329       8026.6430
       329004025002474        4025         329       8026.6430
       329004025004658        4025         329       8026.6430
       329004025007751        4025         329       8026.6430
       329004025007786        4025         329       8026.6430
       329004025000843        4025         329       31227.462
       329004025011284        4025         329       25536.543
       329004025003108        4025         329       25536.543
       329028613000174       28613         329       25536.543
       329028613000121       28613         329       18506.529
       329028613000171       28613         329       7054.4753
       329028613000036       28613         329       1098.1905
       331002161000036        2161         331       15499.968
       333000078000036          78         333       621.57143
       333000078000162          78         333       7054.4753
       333000078000314          78         333       7054.4753
       333000078000438          78         333       7054.4753
       333000078000708          78         333       7054.4753
       333000078000410          78         333       7054.4753
       333000078000903          78         333       8026.6430
       333000078000234          78         333       25536.543
       333000078000319          78         333       18506.529
       333000078000224          78         333       31227.462
       333019321000334       19321         333       5961.5500
       335005515000036        5515         335       18506.529
       336000005000430           5         336       5961.5500
       338001018000036        1018         338       31227.462
       340001945000036        1945         340       31227.462
       342014805000036       14805         342       25536.543
       344000042008403          42         344       18506.529
       344000042008461          42         344       18506.529
       344000042008327          42         344       31227.462
       344000042007991          42         344       4212.5385
       344000042008309          42         344       7054.4753
       344000042008316          42         344       7054.4753
       344000042008115          42         344       18506.529
       344000042008037          42         344       8026.6430
       345000078000224          78         345       7054.4753
       345000078000036          78         345       1098.1905
       346000144000036         144         346       4212.5385
       346000144000095         144         346       7054.4753
       348009419000036        9419         348       15499.968
       353014405000212       14405         353       18506.529
       353014405000926       14405         353       8026.6430
       353014405002281       14405         353       7054.4753
       353014405000282       14405         353       7054.4753
       353014405000530       14405         353       7054.4753
       353014405001405       14405         353       7054.4753
       353014405000036       14405         353       155.88889
       353014405000289       14405         353       31227.462
       353014405000373       14405         353       18506.529
       353014405002360       14405         353       18506.529
       357002668000036        2668         357       31227.462
       358018383000036       18383         358       5961.5500
       358018383000087       18383         358       8026.6430
       358018383000070       18383         358       18506.529
       359012388001308       12388         359       13644.722
       362000120000384         120         362       8026.6430
       362000120000376         120         362       8026.6430
       362000120000390         120         362       18506.529
       362000120000554         120         362       8026.6430
       362000120000036         120         362       50.800000
       362000120000374         120         362       7054.4753
       362000120000476         120         362       7054.4753
       362000120000742         120         362       7054.4753
       362000120000786         120         362       8026.6430
       362000120001686         120         362       8026.6430
       362000120000481         120         362       18506.529
       362000120000777         120         362       18506.529
       362000120000487         120         362       18506.529
       368000020000192          20         368       18506.529
       368000020000198          20         368       8026.6430
       368000020001212          20         368       7054.4753
       368000020000036          20         368       1098.1905
       368000020000189          20         368       8026.6430
       368000020000466          20         368       8026.6430
       368000020000092          20         368       8026.6430
       369000535000036         535         369       31227.462
       372000661000036         661         372       25536.543
       374000543000104         543         374       8026.6430
       374019281000448       19281         374       8026.6430
       374019281000515       19281         374       8026.6430
       374019281000756       19281         374       8026.6430
       374019281007138       19281         374       8026.6430
       374019281000403       19281         374       7054.4753
       374019281000731       19281         374       7054.4753
       374019281000776       19281         374       7054.4753
       374019281002251       19281         374       7054.4753
       374019281003203       19281         374       7054.4753
       374019281000036       19281         374       50.800000
       374019281004281       19281         374       7054.4753
       374019281000319       19281         374       8026.6430
       374019281000316       19281         374       8026.6430
       374019281000504       19281         374       8026.6430
       374019292000077       19292         374       18506.529
       374019292000036       19292         374       5961.5500
       375015337001093       15337         375       15499.968
       378000490000036         490         378       15499.968
       382000173000036         173         382       1098.1905
       382000173000323         173         382       7054.4753
       386003994000036        3994         386       18506.529
       386020737000036       20737         386       5961.5500
       387000108005055         108         387       1098.1905
       387000108005203         108         387       7054.4753
       387000108005120         108         387       8026.6430
       387000108005156         108         387       8026.6430
       387019427000036       19427         387       8026.6430
       388000049000559          49         388       8026.6430
       388000049000559          49         388       8026.6430
       388000049000559          49         388       8026.6430
       388000049000559          49         388       8026.6430
       388000049007809          49         388       8026.6430
       388000049007809          49         388       8026.6430
       388000049007809          49         388       8026.6430
       388000049007809          49         388       8026.6430
       388000049002863          49         388       8026.6430
       388000049002863          49         388       8026.6430
       388000049002863          49         388       8026.6430
       388000049002863          49         388       8026.6430
       388000049030139          49         388       8026.6430
       388000049030139          49         388       8026.6430
       388000049030139          49         388       8026.6430
       388000049030139          49         388       8026.6430
       388000049030240          49         388       8026.6430
       388000049030240          49         388       8026.6430
       388000049030240          49         388       8026.6430
       388000049030240          49         388       8026.6430
       388000049032943          49         388       8026.6430
       388000049032943          49         388       8026.6430
       388000049032943          49         388       8026.6430
       388000049032943          49         388       8026.6430
       388000049004846          49         388       7054.4753
       388000049004846          49         388       7054.4753
       388000049004846          49         388       7054.4753
       388000049004846          49         388       7054.4753
       388000049005680          49         388       7054.4753
       388000049005680          49         388       7054.4753
       388000049005680          49         388       7054.4753
       388000049005680          49         388       7054.4753
       388000049005697          49         388       7054.4753
       388000049005697          49         388       7054.4753
       388000049005697          49         388       7054.4753
       388000049005697          49         388       7054.4753
       388000049005776          49         388       7054.4753
       388000049005776          49         388       7054.4753
       388000049005776          49         388       7054.4753
       388000049005776          49         388       7054.4753
       388000049018714          49         388       7054.4753
       388000049018714          49         388       7054.4753
       388000049018714          49         388       7054.4753
       388000049018714          49         388       7054.4753
       388000049000549          49         388       7054.4753
       388000049000549          49         388       7054.4753
       388000049000549          49         388       7054.4753
       388000049000549          49         388       7054.4753
       388000049001030          49         388       7054.4753
       388000049001030          49         388       7054.4753
       388000049001030          49         388       7054.4753
       388000049001030          49         388       7054.4753
       388000049001217          49         388       7054.4753
       388000049001217          49         388       7054.4753
       388000049001217          49         388       7054.4753
       388000049001217          49         388       7054.4753
       388000049011846          49         388       7054.4753
       388000049011846          49         388       7054.4753
       388000049011846          49         388       7054.4753
       388000049011846          49         388       7054.4753
       388000049001514          49         388       7054.4753
       388000049001514          49         388       7054.4753
       388000049001514          49         388       7054.4753
       388000049001514          49         388       7054.4753
       388000049001520          49         388       7054.4753
       388000049001520          49         388       7054.4753
       388000049001520          49         388       7054.4753
       388000049001520          49         388       7054.4753
       388000049030023          49         388       7054.4753
       388000049030023          49         388       7054.4753
       388000049030023          49         388       7054.4753
       388000049030023          49         388       7054.4753
       388000049016783          49         388       7054.4753
       388000049016783          49         388       7054.4753
       388000049016783          49         388       7054.4753
       388000049016783          49         388       7054.4753
       388000049009303          49         388       7054.4753
       388000049009303          49         388       7054.4753
       388000049009303          49         388       7054.4753
       388000049009303          49         388       7054.4753
       388000049004890          49         388       7054.4753
       388000049000036          49         388       155.88889
       388000049000036          49         388       155.88889
       388000049000036          49         388       155.88889
       388000049000036          49         388       155.88889
       388000049004890          49         388       7054.4753
       388000049004890          49         388       7054.4753
       388000049004890          49         388       7054.4753
       388000049016637          49         388       7054.4753
       388000049016637          49         388       7054.4753
       388000049016637          49         388       7054.4753
       388000049016637          49         388       7054.4753
       388000049001770          49         388       8026.6430
       388000049001770          49         388       8026.6430
       388000049001770          49         388       8026.6430
       388000049001770          49         388       8026.6430
       388000049002872          49         388       8026.6430
       388000049002872          49         388       8026.6430
       388000049002872          49         388       8026.6430
       388000049002872          49         388       8026.6430
       388000049004859          49         388       8026.6430
       388000049004859          49         388       8026.6430
       388000049004859          49         388       8026.6430
       388000049004859          49         388       8026.6430
       388000049011897          49         388       8026.6430
       388000049011897          49         388       8026.6430
       388000049011897          49         388       8026.6430
       388000049001227          49         388       8026.6430
       388000049001227          49         388       8026.6430
       388000049001227          49         388       8026.6430
       388000049001227          49         388       8026.6430
       388000049001237          49         388       8026.6430
       388000049001237          49         388       8026.6430
       388000049001237          49         388       8026.6430
       388000049001237          49         388       8026.6430
       388000049000803          49         388       8026.6430
       388000049000803          49         388       8026.6430
       388000049000803          49         388       8026.6430
       388000049000803          49         388       8026.6430
       388000049000538          49         388       8026.6430
       388000049000538          49         388       8026.6430
       388000049000538          49         388       8026.6430
       388000049000538          49         388       8026.6430
       388000049000544          49         388       8026.6430
       388000049000544          49         388       8026.6430
       388000049000544          49         388       8026.6430
       388000049000544          49         388       8026.6430
       388000049011897          49         388       8026.6430
       388000049025952          49         388       8026.6430
       388000049025952          49         388       8026.6430
       388000049025952          49         388       8026.6430
       388000049025952          49         388       8026.6430
       388000049030179          49         388       8026.6430
       388000049030179          49         388       8026.6430
       388000049030179          49         388       8026.6430
       388000049030179          49         388       8026.6430
       388000049001036          49         388       18506.529
       388000049001036          49         388       18506.529
       388000049001036          49         388       18506.529
       388000049001036          49         388       18506.529
       388000049010960          49         388       18506.529
       388000049010960          49         388       18506.529
       388000049001246          49         388       18506.529
       388000049001246          49         388       18506.529
       388000049001246          49         388       18506.529
       388000049001246          49         388       18506.529
       388000049010960          49         388       18506.529
       388000049010960          49         388       18506.529
       388009799098345        9799         388       18506.529
       388009799098345        9799         388       18506.529
       388009799098351        9799         388       8026.6430
       388009799098338        9799         388       8026.6430
       388009799098338        9799         388       8026.6430
       388009799098351        9799         388       8026.6430
       388009799098399        9799         388       8026.6430
       388009799098399        9799         388       8026.6430
       388009799098470        9799         388       8026.6430
       388009799098470        9799         388       8026.6430
       388009799098475        9799         388       8026.6430
       388009799098475        9799         388       8026.6430
       388009799099047        9799         388       7054.4753
       388009799099047        9799         388       7054.4753
       388009799097896        9799         388       18.555556
       388009799097896        9799         388       18.555556
       388009799112567        9799         388       7054.4753
       388009799112567        9799         388       7054.4753
       388009799100991        9799         388       7054.4753
       388009799100991        9799         388       7054.4753
       388009799098563        9799         388       7054.4753
       388009799098563        9799         388       7054.4753
       388009799098573        9799         388       7054.4753
       388009799098573        9799         388       7054.4753
       388009799098482        9799         388       8026.6430
       388009799098482        9799         388       8026.6430
       388009799098867        9799         388       8026.6430
       388009799098867        9799         388       8026.6430
       388009835002362        9835         388       8026.6430
       388009835002339        9835         388       13644.722
       388010063000036       10063         388       25536.543
       390011186000036       11186         390       25536.543
       395000153000036         153         395       4212.5385
       399011221000036       11221         399       1098.1905
       399011221000101       11221         399       8026.6430
       399011386000036       11386         399       13644.722
       399011386000068       11386         399       7054.4753
       399011386000061       11386         399       8026.6430
       401013126000036       13126         401       5961.5500
       401013126000070       13126         401       7054.4753
       401013126000064       13126         401       18506.529
       403000067000036          67         403       621.57143
       403000067000112          67         403       8026.6430
       407022829000036       22829         407       15499.968
       407022829000057       22829         407       7054.4753
       407022829000087       22829         407       7054.4753
       411000165040993         165         411       25536.543
       416000099000036          99         416       1098.1905
       416001979000036        1979         416       8026.6430
       417000481000036         481         417       5961.5500
       418000071000753          71         418       7054.4753
       418000071000036          71         418       155.88889
       418000071000148          71         418       8026.6430
       418000071000146          71         418       8026.6430
       418000083000300          83         418       8026.6430
       418000083000036          83         418       621.57143
       421001323000036        1323         421       8026.6430
       422000103001021         103         422       8026.6430
       422000103001025         103         422       8026.6430
       422000103001193         103         422       8026.6430
       422000103000537         103         422       8026.6430
       422000103000996         103         422       8026.6430
       422000103001160         103         422       8026.6430
       422000103001177         103         422       8026.6430
       422000103000544         103         422       18506.529
       422000103001338         103         422       18506.529
       422000103001648         103         422       18506.529
       422000103000036         103         422       5.8000000
       422000103001004         103         422       7054.4753
       422000103000988         103         422       7054.4753
       422000103000534         103         422       7054.4753
       422000103000527         103         422       7054.4753
       422000103000525         103         422       7054.4753
       422000103001011         103         422       8026.6430
       422000103001016         103         422       8026.6430
       422000103001931         103         422       7054.4753
       422000103001940         103         422       25536.543
       422000103000570         103         422       25536.543
       422000103000560         103         422       25536.543
       422000103000549         103         422       31227.462
       422007230000116        7230         422       18506.529
       422007230000036        7230         422       13644.722
       422007230000125        7230         422       8026.6430
       423009532000259        9532         423       8026.6430
       423009532000036        9532         423       1098.1905
       427000191000698         191         427       13644.722
       427000652000036         652         427       25536.543
       429000104043230         104         429       18506.529
       429000104043114         104         429       18506.529
       429000104042843         104         429       155.88889
       429000104043109         104         429       7054.4753
       429000104043092         104         429       8026.6430
       429000623000036         623         429       31227.462
       429016468000226       16468         429       25536.543
       429016468000204       16468         429       8026.6430
       429016468000784       16468         429       8026.6430
       429016468000938       16468         429       8026.6430
       429016468000222       16468         429       7054.4753
       429016468002938       16468         429       7054.4753
       429016468000036       16468         429       621.57143
       429016468000349       16468         429       18506.529
       429016468000361       16468         429       18506.529
       429016468000136       16468         429       8026.6430
       429016468002392       16468         429       8026.6430
       430008561000036        8561         430       1098.1905
       430008561000113        8561         430       7054.4753
       431000183013720         183         431       7054.4753
       431000183012944         183         431       7054.4753
       431000183012943         183         431       7054.4753
       431000183012936         183         431       7054.4753
       431000183012956         183         431       5961.5500
       431000183012590         183         431       50.800000
       431000183013363         183         431       7054.4753
       431000183014903         183         431       7054.4753
       431000183013059         183         431       7054.4753
       431000183013055         183         431       8026.6430
       431000183013485         183         431       8026.6430
       431000183013492         183         431       8026.6430
       431000183013888         183         431       8026.6430
       431000183013904         183         431       8026.6430
       431000183014239         183         431       8026.6430
       431000183030765         183         431       8026.6430
       431000183015466         183         431       8026.6430
       431000183012938         183         431       8026.6430
       431000183012947         183         431       8026.6430
       431000183013918         183         431       8026.6430
       431000183013231         183         431       8026.6430
       431000183015497         183         431       18506.529
       431000183015448         183         431       18506.529
       431000183013235         183         431       31227.462
       431001837000036        1837         431       25536.543
       434001788000036        1788         434       18506.529
       436017494001997       17494         436       18506.529
       436017494001997       17494         436       18506.529
       436017494001558       17494         436       18506.529
       436017494001558       17494         436       18506.529
       436017494001360       17494         436       18506.529
       436017494001351       17494         436       18506.529
       436017494001360       17494         436       18506.529
       436017494001351       17494         436       18506.529
       436017494001344       17494         436       8026.6430
       436017494001344       17494         436       8026.6430
       436017494002837       17494         436       8026.6430
       436017494003596       17494         436       8026.6430
       436017494003596       17494         436       8026.6430
       436017494004880       17494         436       8026.6430
       436017494004880       17494         436       8026.6430
       436017494001540       17494         436       8026.6430
       436017494001540       17494         436       8026.6430
       436017494004301       17494         436       8026.6430
       436017494004301       17494         436       8026.6430
       436017494009911       17494         436       8026.6430
       436017494009911       17494         436       8026.6430
       436017494011295       17494         436       8026.6430
       436017494011295       17494         436       8026.6430
       436017494087958       17494         436       8026.6430
       436017494002826       17494         436       8026.6430
       436017494002826       17494         436       8026.6430
       436017494001660       17494         436       8026.6430
       436017494001660       17494         436       8026.6430
       436017494002007       17494         436       8026.6430
       436017494002007       17494         436       8026.6430
       436017494001548       17494         436       8026.6430
       436017494001548       17494         436       8026.6430
       436017494001551       17494         436       8026.6430
       436017494001551       17494         436       8026.6430
       436017494002837       17494         436       8026.6430
       436017494001988       17494         436       8026.6430
       436017494001988       17494         436       8026.6430
       436017494001672       17494         436       8026.6430
       436017494001672       17494         436       8026.6430
       436017494087954       17494         436       8026.6430
       436017494001635       17494         436       7054.4753
       436017494001635       17494         436       7054.4753
       436017494001678       17494         436       7054.4753
       436017494001678       17494         436       7054.4753
       436017494002581       17494         436       7054.4753
       436017494001971       17494         436       7054.4753
       436017494001971       17494         436       7054.4753
       436017494002285       17494         436       7054.4753
       436017494002285       17494         436       7054.4753
       436017494002581       17494         436       7054.4753
       436017494004842       17494         436       7054.4753
       436017494004842       17494         436       7054.4753
       436017494005388       17494         436       7054.4753
       436017494005388       17494         436       7054.4753
       436017494005412       17494         436       7054.4753
       436017494005412       17494         436       7054.4753
       436017494006560       17494         436       7054.4753
       436017494006560       17494         436       7054.4753
       436017494002854       17494         436       7054.4753
       436017494002854       17494         436       7054.4753
       436017494000036       17494         436       1.0000000
       436017494000036       17494         436       1.0000000
       436017494087901       17494         436       4212.5385
       436017494002846       17494         436       7054.4753
       436017494002846       17494         436       7054.4753
       436017494001535       17494         436       7054.4753
       436017494001535       17494         436       7054.4753
       436017494003173       17494         436       18506.529
       436017494003173       17494         436       18506.529
       436017494001562       17494         436       31227.462
       436017494001562       17494         436       31227.462
       436017494001651       17494         436       31227.462
       436017494001651       17494         436       31227.462
       437005148000643        5148         437       31227.462
       437005148002029        5148         437       31227.462
       437005148002467        5148         437       18506.529
       437005148000514        5148         437       7054.4753
       437005148001672        5148         437       5961.5500
       437005148001381        5148         437       7054.4753
       437005148000036        5148         437       18.555556
       437005148000886        5148         437       7054.4753
       437005148000626        5148         437       7054.4753
       437005148001641        5148         437       7054.4753
       437005148002721        5148         437       8026.6430
       437005148000633        5148         437       8026.6430
       437005148001311        5148         437       8026.6430
       437005148001603        5148         437       8026.6430
       437005148002455        5148         437       8026.6430
       437005148002742        5148         437       8026.6430
       437005148001611        5148         437       8026.6430
       437005148001632        5148         437       8026.6430
       437005148002015        5148         437       8026.6430
       437005148001323        5148         437       8026.6430
       437005148001357        5148         437       8026.6430
       437005148000516        5148         437       8026.6430
       437005148000505        5148         437       8026.6430
       437005148000748        5148         437       8026.6430
       437005148001586        5148         437       18506.529
       437005148001334        5148         437       18506.529
       437005148001392        5148         437       18506.529
       437005148001727        5148         437       18506.529
       438000123002797         123         438       8026.6430
       438000123001233         123         438       8026.6430
       438000123004076         123         438       7054.4753
       438000123000967         123         438       7054.4753
       438000123001219         123         438       7054.4753
       438000123001554         123         438       7054.4753
       438000123003363         123         438       7054.4753
       438000123001013         123         438       31227.462
       444000251000036         251         444       15499.968
       450002585000036        2585         450       25536.543
       450002934000036        2934         450       31227.462
       454000127000448         127         454       15499.968
       454000127000469         127         454       8026.6430
       460000070000425          70         460       7054.4753
       460002031000036        2031         460       31227.462
       462000233000036         233         462       5961.5500
       463000685000060         685         463       8026.6430
       463000685000036         685         463       15499.968
       466018216019730       18216         466       18506.529
       466018216019767       18216         466       18506.529
       466018216020090       18216         466       18506.529
       466018216019726       18216         466       8026.6430
       466018216019761       18216         466       8026.6430
       466018216023771       18216         466       8026.6430
       466018216020379       18216         466       8026.6430
       466018216022256       18216         466       8026.6430
       466018216019778       18216         466       4212.5385
       466018216019514       18216         466       155.88889
       466018216023289       18216         466       7054.4753
       466018216019756       18216         466       7054.4753
       466018216026406       18216         466       7054.4753
       466018216029949       18216         466       7054.4753
       466018216020482       18216         466       8026.6430
       466018216022270       18216         466       8026.6430
       466018216020390       18216         466       18506.529
       467001237000036        1237         467       31227.462
       468001487000420        1487         468       8026.6430
       468001487000036        1487         468       1098.1905
       468001487000133        1487         468       7054.4753
       468001487000138        1487         468       8026.6430
       469003394000718        3394         469       13644.722
       469003394000743        3394         469       7054.4753
       469003394000758        3394         469       7054.4753
       469003394000781        3394         469       7054.4753
       470000577000036         577         470       13644.722
       471000183002565         183         471       8026.6430
       471000183002565         183         471       8026.6430
       471000183002295         183         471       18506.529
       471000183002295         183         471       18506.529
       471000183002255         183         471       8026.6430
       471000183002255         183         471       8026.6430
       471000183002260         183         471       8026.6430
       471000183002260         183         471       8026.6430
       471000183002262         183         471       8026.6430
       471000183002262         183         471       8026.6430
       471000183002265         183         471       8026.6430
       471000183002265         183         471       8026.6430
       471000183004660         183         471       8026.6430
       471000183004660         183         471       8026.6430
       471000183005124         183         471       8026.6430
       471000183005124         183         471       8026.6430
       471000183003576         183         471       8026.6430
       471000183003576         183         471       8026.6430
       471000183002290         183         471       8026.6430
       471000183002290         183         471       8026.6430
       471000183002282         183         471       8026.6430
       471000183002282         183         471       8026.6430
       471000183006681         183         471       8026.6430
       471000183006681         183         471       8026.6430
       471000183002436         183         471       8026.6430
       471000183002436         183         471       8026.6430
       471000183002573         183         471       8026.6430
       471000183002573         183         471       8026.6430
       471000183002577         183         471       8026.6430
       471000183002577         183         471       8026.6430
       471000183003847         183         471       8026.6430
       471000183003847         183         471       8026.6430
       471000183005766         183         471       7054.4753
       471000183005766         183         471       7054.4753
       471000183002287         183         471       7054.4753
       471000183002287         183         471       7054.4753
       471000183002433         183         471       7054.4753
       471000183002433         183         471       7054.4753
       471000183002723         183         471       7054.4753
       471000183002723         183         471       7054.4753
       471000183004356         183         471       7054.4753
       471000183004356         183         471       7054.4753
       471000183002254         183         471       7054.4753
       471000183002254         183         471       7054.4753
       471000183002271         183         471       7054.4753
       471000183002271         183         471       7054.4753
       471000183002277         183         471       7054.4753
       471000183002277         183         471       7054.4753
       471000183001851         183         471       50.800000
       471000183001851         183         471       50.800000
       471000183002582         183         471       31227.462
       471000183002582         183         471       31227.462
       475020433000036       20433         475       5961.5500
       479000137000159         137         479       7054.4753
       479000137000036         137         479       5961.5500
       479002343000036        2343         479       18.555556
       479002343000509        2343         479       7054.4753
       479002343000841        2343         479       7054.4753
       479002343000991        2343         479       7054.4753
       479002343002153        2343         479       7054.4753
       479002343000830        2343         479       8026.6430
       479002343000854        2343         479       8026.6430
       479002343000847        2343         479       7054.4753
       479002343026778        2343         479       7054.4753
       479002343000998        2343         479       8026.6430
       479002343001499        2343         479       8026.6430
       479002343000668        2343         479       8026.6430
       479002343002180        2343         479       8026.6430
       479002343002550        2343         479       8026.6430
       479002343019409        2343         479       8026.6430
       479002343000821        2343         479       8026.6430
       479002343000878        2343         479       15499.968
       479002343001481        2343         479       8026.6430
       479002343002537        2343         479       8026.6430
       479002343000504        2343         479       8026.6430
       479002343000499        2343         479       8026.6430
       479002343000673        2343         479       31227.462
       479002343001003        2343         479       18506.529
       479003740000036        3740         479       31227.462
       486016174000042       16174         486       8026.6430
       486016174000036       16174         486       7054.4753
       488014103000036       14103         488       15499.968
       490015700000036       15700         490       18506.529
       491000143000036         143         491       1098.1905
       492000146000036         146         492       1098.1905
       492000146000081         146         492       8026.6430
       492000146000089         146         492       8026.6430
       492000146000123         146         492       8026.6430
       492000146000130         146         492       18506.529
       498019824019968       19824         498       8026.6430
       498019824020888       19824         498       8026.6430
       498019824025281       19824         498       8026.6430
       498019824019400       19824         498       8026.6430
       498019824019408       19824         498       8026.6430
       498019824019411       19824         498       8026.6430
       498019824019323       19824         498       8026.6430
       498019824019469       19824         498       15499.968
       498019824019681       19824         498       18506.529
       498019824018996       19824         498       50.800000
       498019824019317       19824         498       7054.4753
       498019824019397       19824         498       7054.4753
       498019824019514       19824         498       7054.4753
       498019824019523       19824         498       7054.4753
       498019824019606       19824         498       7054.4753
       498023191000036       23191         498       18506.529
       499008756000036        8756         499       15499.968
       500015961000036       15961         500       8026.6430
       500015961000039       15961         500       8026.6430
       502002164000258        2164         502       8026.6430
       502002164000494        2164         502       7054.4753
       502002164000036        2164         502       621.57143
       502002164000231        2164         502       8026.6430
       502002164000242        2164         502       8026.6430
       503000195001082         195         503       8026.6430
       503000195000036         195         503       155.88889
       503000195000633         195         503       7054.4753
       503004596000036        4596         503       18506.529
       503022504000036       22504         503       5961.5500
       503022504000056       22504         503       8026.6430
       507000549000036         549         507       13644.722
       508000129000036         129         508       1098.1905
       508000129000159         129         508       7054.4753
       511000153000554         153         511       7054.4753
       511000153000873         153         511       7054.4753
       511000153000036         153         511       50.800000
       511000153000302         153         511       7054.4753
       511000153000556         153         511       8026.6430
       511000153000560         153         511       8026.6430
       511000153000562         153         511       8026.6430
       511000153000727         153         511       8026.6430
       511000153001041         153         511       8026.6430
       511000153001172         153         511       8026.6430
       511000153001050         153         511       25536.543
       511007091000036        7091         511       7054.4753
