         542
               4005318           4           0       7610.3846
               4005322           4           0       9047.3701
               4005326           4           0       9047.3701
              12000072          12           0       9047.3701
              12001595          12           0       10261.224
            4340002203        4340           0       9047.3701
            4340002212        4340           0       9511.1704
            4340002237        4340           0       9047.3701
            4340002216        4340           0       9047.3701
            4340002178        4340           0       455.17857
         1000096000045          96           1       455.17857
         4000002019764           2           4       7610.3846
         4020889000045       20889           4       10261.224
         7014670000922       14670           7       7610.3846
         8012933000415       12933           8       49.428571
         8012933000465       12933           8       3236.5000
         8012933000495       12933           8       9047.3701
         8012933000481       12933           8       9511.1704
         8012933000502       12933           8       10261.224
         8012933000803       12933           8       9511.1704
         8012933000630       12933           8       9047.3701
         9000039000045          39           9       7610.3846
         9019768000045       19768           9       9047.3701
        11000656000045         656          11       9047.3701
        12000052000045          52          12       1492.6429
        15011466000045       11466          15       9511.1704
        16013258000045       13258          16       9511.1704
        16013258000048       13258          16       9047.3701
        20000000037850           0          20       15.875000
        20000000037917           0          20       9511.1704
        20000000037931           0          20       9511.1704
        20000000037933           0          20       9047.3701
        20000000023125           0          20       10261.224
        35006911000082        6911          35       9511.1704
        35006911000045        6911          35       455.17857
        35006911000068        6911          35       9047.3701
        36007273000082        7273          36       9047.3701
        36007273000045        7273          36       1492.6429
        39009266005996        9266          39       7610.3846
        39009266006003        9266          39       9047.3701
        40000000000111           0          40       9047.3701
        40000000000045           0          40       455.17857
        47002107000045        2107          47       3236.5000
        47002186000045        2186          47       9511.1704
        51000399000045         399          51       10261.224
        53000083004177          83          53       10261.224
        53000083004184          83          53       9047.3701
        57013029000045       13029          57       10261.224
        63000131000052         131          63       9047.3701
        63000131000045         131          63       3236.5000
        63012127000045       12127          63       10261.224
        68000006000133           6          68       10261.224
        68000006000125           6          68       9511.1704
        68000006000067           6          68       9511.1704
        68000006000045           6          68       49.428571
        68000006000128           6          68       9047.3701
        68000006000139           6          68       9047.3701
        71000312000368         312          71       9047.3701
        73000059000063          59          73       9047.3701
        73000059000115          59          73       9047.3701
        73000059000120          59          73       9047.3701
        73000059000045          59          73       455.17857
        73000059000993          59          73       9511.1704
        73000059000683          59          73       10261.224
        73000059000216          59          73       9511.1704
        73014237000087       14237          73       9511.1704
        73014237000045       14237          73       49.428571
        73014237000082       14237          73       9047.3701
        73014237000109       14237          73       9047.3701
        73014237000368       14237          73       9047.3701
        79000175003511         175          79       9047.3701
        79000175004347         175          79       9047.3701
        79000175004349         175          79       9047.3701
        79000175004350         175          79       9047.3701
        79000175004330         175          79       163.40000
        79000175003461         175          79       15.875000
        79000175003518         175          79       10261.224
        79000175004355         175          79       10261.224
        84016830000045       16830          84       1.0000000
        88000000001759           0          88       3236.5000
        88004365002865        4365          88       9047.3701
        89000034000045          34          89       7610.3846
        89003427001046        3427          89       10261.224
        95017434000045       17434          95       10261.224
        96000015000160          15          96       9511.1704
        96000015000583          15          96       9511.1704
        96000015001435          15          96       9511.1704
        96000015001426          15          96       7610.3846
        96000015000182          15          96       9047.3701
        96000015000238          15          96       9047.3701
        96000015000153          15          96       9047.3701
        96000015000045          15          96       49.428571
        97000060000045          60          97       163.40000
        97000060000115          60          97       10261.224
        97000060000162          60          97       10261.224
        98000203000095         203          98       9047.3701
       101000112000092         112         101       9047.3701
       101000112000045         112         101       15.875000
       104000016030367          16         104       10261.224
       104000016030352          16         104       10261.224
       104000016030328          16         104       9511.1704
       107000246000320         246         107       9511.1704
       108003428018694        3428         108       1.0000000
       114000132002483         132         114       163.40000
       122000097003748          97         122       1492.6429
       124009608000759        9608         124       3236.5000
       126000089024208          89         126       3236.5000
       126000089024115          89         126       49.428571
       126000089000045          89         126       163.40000
       126000089000200          89         126       9047.3701
       126000089024147          89         126       9511.1704
       126000089024346          89         126       9511.1704
       126000089024143          89         126       9511.1704
       126000089002298          89         126       9511.1704
       126000089024144          89         126       9047.3701
       126000089024150          89         126       10261.224
       126000089000075          89         126       9511.1704
       126000089024459          89         126       9511.1704
       126000089024577          89         126       9511.1704
       126000089000208          89         126       9511.1704
       127000204000055         204         127       9047.3701
       127000204000045         204         127       3236.5000
       129000171000045         171         129       3236.5000
       129000171000052         171         129       9047.3701
       130019845000178       19845         130       9047.3701
       130019845000202       19845         130       9047.3701
       130019845000160       19845         130       163.40000
       131026413000045       26413         131       1492.6429
       133000086000045          86         133       3236.5000
       133000086000051          86         133       9047.3701
       137003895000045        3895         137       455.17857
       141006567000045        6567         141       9511.1704
       145005343000045        5343         145       3236.5000
       145005514000045        5514         145       3236.5000
       146008270000045        8270         146       10261.224
       148000039000069          39         148       9511.1704
       148000039000134          39         148       10261.224
       148000039000051          39         148       9511.1704
       148000039000045          39         148       7610.3846
       148000039000050          39         148       9047.3701
       152000068000357          68         152       9047.3701
       152000068000045          68         152       1492.6429
       152019606000045       19606         152       10261.224
       153016315003020       16315         153       9511.1704
       153016315003022       16315         153       10261.224
       153016315003035       16315         153       10261.224
       153016315003018       16315         153       9511.1704
       153016315003005       16315         153       9511.1704
       153016315002973       16315         153       49.428571
       153016315003038       16315         153       9047.3701
       153016315003070       16315         153       9047.3701
       153016315003011       16315         153       9047.3701
       156009218000045        9218         156       7610.3846
       160000031000068          31         160       9047.3701
       160000031000045          31         160       163.40000
       160000031000089          31         160       9511.1704
       165000082015641          82         165       1492.6429
       165000082015686          82         165       9047.3701
       165000082015665          82         165       9047.3701
       166000007004791           7         166       3236.5000
       166000007004799           7         166       9047.3701
       166000007004805           7         166       9047.3701
       167000129000045         129         167       3236.5000
       167000129000056         129         167       9047.3701
       168000039000054          39         168       10261.224
       171000126002857         126         171       9047.3701
       171000126002860         126         171       9047.3701
       171000126002847         126         171       1492.6429
       171003927000045        3927         171       7610.3846
       171003927000257        3927         171       9047.3701
       180000166000324         166         180       7610.3846
       180023307000078       23307         180       9511.1704
       180023307000045       23307         180       10261.224
       184012632000055       12632         184       9511.1704
       184012632000045       12632         184       1492.6429
       188003938000045        3938         188       1.0000000
       188004142000045        4142         188       1492.6429
       190004178001324        4178         190       49.428571
       191000120000045         120         191       1.0000000
       191000120000045         120         191       1.0000000
       191000120000119         120         191       3236.5000
       191000120000127         120         191       7610.3846
       191000120000111         120         191       9511.1704
       191000120000113         120         191       9511.1704
       191000120000118         120         191       9511.1704
       191000122000111         122         191       9511.1704
       191000122000238         122         191       10261.224
       191000122000045         122         191       1492.6429
       191000123002951         123         191       163.40000
       191000123002979         123         191       9047.3701
       191000123002977         123         191       9047.3701
       194000043023600          43         194       1.0000000
       194000043000045          43         194       1.0000000
       195000097000045          97         195       455.17857
       195000097000065          97         195       9047.3701
       198000355000045         355         198       9047.3701
       199019439000119       19439         199       9047.3701
       199019439000055       19439         199       9047.3701
       199019439000085       19439         199       9047.3701
       199019439000045       19439         199       1492.6429
       202013625000045       13625         202       49.428571
       202013625000126       13625         202       9047.3701
       202013625000173       13625         202       9047.3701
       202013625000128       13625         202       10261.224
       202013625000124       13625         202       9511.1704
       202013625000096       13625         202       10261.224
       202013625000120       13625         202       9511.1704
       202013625000150       13625         202       9511.1704
       203000139000045         139         203       3236.5000
       204011693000064       11693         204       9047.3701
       204011693000045       11693         204       10261.224
       210000108000193         108         210       7610.3846
       211008907034598        8907         211       9511.1704
       211008907034622        8907         211       9511.1704
       211025657000045       25657         211       9047.3701
       212019569001547       19569         212       9047.3701
       213015311000045       15311         213       9047.3701
       214009732000132        9732         214       9047.3701
       214009732000068        9732         214       9047.3701
       214009732000045        9732         214       49.428571
       214009732000079        9732         214       9511.1704
       214009732000083        9732         214       9511.1704
       214009732000121        9732         214       9511.1704
       214009732000162        9732         214       9511.1704
       214009732000072        9732         214       9511.1704
       219021312002280       21312         219       10261.224
       219021312002275       21312         219       9511.1704
       219021312002327       21312         219       9511.1704
       219021312002236       21312         219       163.40000
       219021312002332       21312         219       9047.3701
       219021312002258       21312         219       7610.3846
       223026026000045       26026         223       1492.6429
       226000085009221          85         226       1.0000000
       227011743000045       11743         227       15.875000
       227011743000113       11743         227       9047.3701
       227011743000262       11743         227       9047.3701
       227011743000117       11743         227       9047.3701
       227011743000098       11743         227       9511.1704
       227011743000127       11743         227       9511.1704
       227011743000248       11743         227       9511.1704
       227011743000131       11743         227       10261.224
       227011743000121       11743         227       9511.1704
       231001038001375        1038         231       163.40000
       232025260015817       25260         232       163.40000
       232025260015842       25260         232       9511.1704
       232025260015833       25260         232       9511.1704
       232025260015834       25260         232       9511.1704
       235000172000045         172         235       455.17857
       235000172000074         172         235       9047.3701
       240000032000045          32         240       1492.6429
       244004930037265        4930         244       455.17857
       244004930000045        4930         244       1.0000000
       244004930037278        4930         244       9047.3701
       244004930037283        4930         244       9047.3701
       244004932000071        4932         244       1492.6429
       248000048038097          48         248       455.17857
       248000048038446          48         248       10261.224
       253000178000045         178         253       1492.6429
       257000192000045         192         257       7610.3846
       262009310001016        9310         262       163.40000
       264000054000045          54         264       455.17857
       264000054000045          54         264       455.17857
       264011496036218       11496         264       49.428571
       265009400000310        9400         265       163.40000
       269004282000045        4282         269       10261.224
       273013518000045       13518         273       7610.3846
       276000000027692           0         276       3236.5000
       276000062000045          62         276       10261.224
       282004950019136        4950         282       10261.224
       282004950020025        4950         282       9511.1704
       282004950019139        4950         282       9511.1704
       282004950019290        4950         282       9047.3701
       283000101000402         101         283       9511.1704
       292000037000045          37         292       3236.5000
       292002060059612        2060         292       9047.3701
       292002060059585        2060         292       9047.3701
       292002060059602        2060         292       9047.3701
       292002060060021        2060         292       9047.3701
       292002060059619        2060         292       9047.3701
       292002060059481        2060         292       15.875000
       292002060059481        2060         292       15.875000
       292002060059539        2060         292       3236.5000
       292002060059539        2060         292       3236.5000
       292002060059574        2060         292       9511.1704
       292002060060015        2060         292       10261.224
       292002060059605        2060         292       10261.224
       292002060059579        2060         292       10261.224
       292002060059623        2060         292       9511.1704
       292002060060127        2060         292       9511.1704
       292002060060664        2060         292       9511.1704
       292002060059862        2060         292       9047.3701
       292002060059871        2060         292       9047.3701
       292002060059576        2060         292       9047.3701
       295002951000045        2951         295       7610.3846
       296003841034181        3841         296       9047.3701
       296003841034067        3841         296       1492.6429
       296003841034266        3841         296       9511.1704
       296003841034078        3841         296       10261.224
       296004766000045        4766         296       10261.224
       299002332000045        2332         299       9511.1704
       300003565000055        3565         300       9047.3701
       300003565000045        3565         300       3236.5000
       312000118000045         118         312       10261.224
       312023044000045       23044         312       10261.224
       312023044000062       23044         312       9511.1704
       320001197000045        1197         320       9047.3701
       320007015001889        7015         320       9047.3701
       320007015001876        7015         320       455.17857
       320007015001897        7015         320       10261.224
       321002158001506        2158         321       7610.3846
       321002186000341        2186         321       9047.3701
       328000129000169         129         328       7610.3846
       329004025000149        4025         329       9047.3701
       329004025000106        4025         329       9047.3701
       329004025000609        4025         329       9047.3701
       329004025000045        4025         329       163.40000
       329004025000078        4025         329       10261.224
       329004025000069        4025         329       10261.224
       329004025000852        4025         329       9511.1704
       329028613000183       28613         329       10261.224
       329028613000056       28613         329       9511.1704
       329028613000045       28613         329       1492.6429
       329028613000054       28613         329       9047.3701
       329028613000092       28613         329       3236.5000
       331002161000045        2161         331       9047.3701
       333000078000091          78         333       9047.3701
       333000078000243          78         333       9047.3701
       333000078000045          78         333       1492.6429
       333019321000346       19321         333       9511.1704
       333019321000343       19321         333       9047.3701
       335005515000045        5515         335       9511.1704
       336000005000445           5         336       9047.3701
       336000005000449           5         336       9047.3701
       336000005000439           5         336       3236.5000
       339000096000357          96         339       10261.224
       340001945000045        1945         340       9511.1704
       342014805000045       14805         342       9511.1704
       344000042008000          42         344       3236.5000
       345000078000062          78         345       9047.3701
       345000078000045          78         345       455.17857
       346000144000052         144         346       9047.3701
       346000144000045         144         346       7610.3846
       346000144000057         144         346       9511.1704
       348009419000048        9419         348       9511.1704
       358018383000063       18383         358       9511.1704
       358018383000057       18383         358       9511.1704
       358018383000045       18383         358       10261.224
       359012388001317       12388         359       9047.3701
       362000120000242         120         362       9047.3701
       362000120000045         120         362       49.428571
       362000120000231         120         362       9511.1704
       362000120000095         120         362       10261.224
       362000122000114         122         362       163.40000
       362025134000045       25134         362       455.17857
       362025134000134       25134         362       3236.5000
       362025134000071       25134         362       9047.3701
       362025134000128       25134         362       9047.3701
       362025134000166       25134         362       9047.3701
       364000125000263         125         364       10261.224
       365000192000273         192         365       1492.6429
       368000020000045          20         368       3236.5000
       368000020000054          20         368       9511.1704
       368000020000056          20         368       9511.1704
       368010547000045       10547         368       1.0000000
       372000661000045         661         372       10261.224
       374019281000081       19281         374       9511.1704
       374019281000088       19281         374       9511.1704
       374019281000143       19281         374       9047.3701
       374019281000070       19281         374       9047.3701
       374019292000045       19292         374       7610.3846
       375000100000045         100         375       1.0000000
       378000490000045         490         378       9047.3701
       382000173000045         173         382       3236.5000
       382000173000054         173         382       9511.1704
       386020737000045       20737         386       10261.224
       387000108005086         108         387       9511.1704
       387000108005089         108         387       9511.1704
       387000108005064         108         387       455.17857
       388000049000045          49         388       1492.6429
       388000049000045          49         388       1492.6429
       388000049000045          49         388       1492.6429
       388000049000045          49         388       1492.6429
       388000049000145          49         388       9511.1704
       388000049000145          49         388       9511.1704
       388000049000145          49         388       9511.1704
       388000049030148          49         388       9511.1704
       388000049030148          49         388       9511.1704
       388000049030148          49         388       9511.1704
       388000049000145          49         388       9511.1704
       388000049030148          49         388       9511.1704
       388009799097905        9799         388       15.875000
       388009799097905        9799         388       15.875000
       388009799097961        9799         388       9047.3701
       388009799097961        9799         388       9047.3701
       388009823000092        9823         388       1492.6429
       388009835002348        9835         388       10261.224
       388010063000045       10063         388       9511.1704
       395000153000058         153         395       9511.1704
       395000153000068         153         395       9511.1704
       395000153000061         153         395       9047.3701
       395000153000045         153         395       7610.3846
       399011219000190       11219         399       7610.3846
       399011221000045       11221         399       455.17857
       399011221000066       11221         399       9511.1704
       399011386000045       11386         399       3236.5000
       399011386000055       11386         399       9047.3701
       401013126000045       13126         401       7610.3846
       402000036000045          36         402       49.428571
       402000036000080          36         402       9511.1704
       402000036000085          36         402       9047.3701
       402000036000090          36         402       9511.1704
       402000036000176          36         402       9047.3701
       403000067000121          67         403       9511.1704
       407022829000045       22829         407       9511.1704
       407022829000047       22829         407       9511.1704
       410000075000549          75         410       1492.6429
       416000099000045          99         416       1492.6429
       416000099000075          99         416       9047.3701
       417000481000065         481         417       9511.1704
       417000481000045         481         417       10261.224
       418000071000084          71         418       9047.3701
       418000071000045          71         418       455.17857
       418000083000045          83         418       455.17857
       418000083000073          83         418       9047.3701
       420002721000892        2721         420       7610.3846
       421006369000045        6369         421       1.0000000
       422000103001949         103         422       9047.3701
       422000103000558         103         422       9511.1704
       422007230000045        7230         422       7610.3846
       423009532000045        9532         423       3236.5000
       423009532000058        9532         423       9047.3701
       426000026000400          26         426       9511.1704
       426000026000376          26         426       455.17857
       427000189000349         189         427       3236.5000
       427000191000707         191         427       7610.3846
       427000191000716         191         427       9047.3701
       427000652000045         652         427       9511.1704
       429000104042926         104         429       9047.3701
       429000104042852         104         429       455.17857
       429016468000045       16468         429       163.40000
       429016468000087       16468         429       9511.1704
       429016468000370       16468         429       9511.1704
       429016468000066       16468         429       10261.224
       430008561000059        8561         430       9047.3701
       430008561000055        8561         430       9047.3701
       430008561000045        8561         430       3236.5000
       431000183012599         183         431       163.40000
       431000183012965         183         431       7610.3846
       431000206002399         206         431       7610.3846
       431001837000045        1837         431       9047.3701
       434021057000045       21057         434       3236.5000
       436017494087910       17494         436       3236.5000
       436017494000759       17494         436       9511.1704
       436017494000759       17494         436       9511.1704
       437005148002038        5148         437       9511.1704
       437005148000132        5148         437       9511.1704
       437005148001701        5148         437       9511.1704
       437005148000213        5148         437       9047.3701
       437005148000074        5148         437       9047.3701
       437005148000136        5148         437       10261.224
       437005148001681        5148         437       10261.224
       437005148000045        5148         437       163.40000
       449001462001277        1462         449       3236.5000
       449001462001283        1462         449       9047.3701
       450002585000045        2585         450       10261.224
       453000138026691         138         453       9511.1704
       453000138026623         138         453       49.428571
       453000138026671         138         453       7610.3846
       454000127000465         127         454       9511.1704
       454000127000457         127         454       9047.3701
       458000090009474          90         458       7610.3846
       459001174002045        1174         459       7610.3846
       460000071000636          71         460       7610.3846
       460002031000045        2031         460       9047.3701
       460005542000101        5542         460       9511.1704
       460005542000102        5542         460       9511.1704
       460005542000113        5542         460       9511.1704
       460005542000109        5542         460       9511.1704
       460005542000167        5542         460       9047.3701
       460005542000078        5542         460       163.40000
       462000233000045         233         462       7610.3846
       463000685000045         685         463       10261.224
       466018216019551       18216         466       9511.1704
       466018216019548       18216         466       9047.3701
       466018216019523       18216         466       1492.6429
       468001487000045        1487         468       455.17857
       468001487000063        1487         468       9047.3701
       468001487000068        1487         468       10261.224
       469003394000727        3394         469       9047.3701
       471000183001890         183         471       9047.3701
       471000183001882         183         471       7610.3846
       471000183001882         183         471       7610.3846
       471000183001860         183         471       455.17857
       471000183001860         183         471       455.17857
       471000183002099         183         471       455.17857
       471000183002099         183         471       455.17857
       471000183001890         183         471       9047.3701
       471000183002063         183         471       9047.3701
       471000183002063         183         471       9047.3701
       471000183002111         183         471       9047.3701
       471000183002111         183         471       9047.3701
       471000183001981         183         471       9047.3701
       471000183001981         183         471       9047.3701
       471000183002021         183         471       9511.1704
       471000183002022         183         471       9511.1704
       471000183002445         183         471       9511.1704
       471000183002021         183         471       9511.1704
       471000183002022         183         471       9511.1704
       471000183002445         183         471       9511.1704
       473015546000050       15546         473       9047.3701
       473015546000045       15546         473       10261.224
       475020433000045       20433         475       10261.224
       479000137000045         137         479       10261.224
       479000137000050         137         479       9511.1704
       479002343000096        2343         479       9511.1704
       479002343000090        2343         479       9047.3701
       479002343000149        2343         479       10261.224
       479002343000887        2343         479       10261.224
       479002343000045        2343         479       49.428571
       479002343000098        2343         479       9047.3701
       479003740000045        3740         479       9047.3701
       484015131000711       15131         484       3236.5000
       484015131000723       15131         484       9047.3701
       488014103000045       14103         488       10261.224
       492000146000139         146         492       9511.1704
       492000146000045         146         492       163.40000
       498019824019005       19824         498       455.17857
       498019824019478       19824         498       9047.3701
       498019824019143       19824         498       9511.1704
       498019824019483       19824         498       9511.1704
       498019856000067       19856         498       7610.3846
       502002164000045        2164         502       1492.6429
       502002164000074        2164         502       9047.3701
       503000195000045         195         503       163.40000
       503000195000220         195         503       9511.1704
       503022504000045       22504         503       3236.5000
       507000549000045         549         507       7610.3846
       508000129000045         129         508       3236.5000
       509000161000045         161         509       1.0000000
       511000153000045         153         511       455.17857
       511000153000175         153         511       7610.3846
       511000153001059         153         511       9511.1704
