         773
               9000016           9           0       105.82353
               9002997           9           0       12152.849
               9003405           9           0       12152.849
               9003558           9           0       12152.849
               9003588           9           0       12152.849
               9003003           9           0       22496.183
               9003152           9           0       71630.302
              13013779          13           0       22496.183
           25549003234       25549           0       12131.054
           25549003284       25549           0       12131.054
           25549000016       25549           0       105.82353
         1000257000016         257           1       6707.8182
         1000975000016         975           1       15417.667
         2000004000016           4           2       4538.3684
         2005581000016        5581           2       31030.108
         6000037007910          37           6       12152.849
         6000037010771          37           6       12152.849
         6000037007898          37           6       22496.183
         6000037013089          37           6       22496.183
         8012934017086       12934           8       22496.183
         8012934013447       12934           8       22496.183
         8012934015147       12934           8       22496.183
         8012934014283       12934           8       12152.849
         8012934016791       12934           8       12152.849
         8012934013486       12934           8       12152.849
         8012934014602       12934           8       12152.849
         8012934015505       12934           8       10784.174
         8012934013503       12934           8       71630.302
         9019516002541       19516           9       31030.108
        10020431000016       20431          10       61137.968
        13000921000016         921          13       26756.731
        14011166000016       11166          14       6707.8182
        16000015000016          15          16       613.30769
        16000015001042          15          16       12152.849
        17016679000016       16679          17       31030.108
        18001174003241        1174          18       22496.183
        18001174002857        1174          18       22496.183
        18001174001585        1174          18       12152.849
        18001174000016        1174          18       105.82353
        18001174001845        1174          18       12152.849
        18001174004987        1174          18       22496.183
        18001235000016        1235          18       3088.2222
        18001381000016        1381          18       4538.3684
        18001381000238        1381          18       22496.183
        18002664000173        2664          18       15417.667
        21004871000016        4871          21       61137.968
        23003332005047        3332          23       22496.183
        23003332008041        3332          23       71630.302
        23003332005481        3332          23       22496.183
        23003332004928        3332          23       12152.849
        23003332005130        3332          23       12152.849
        23003332000016        3332          23       66.900000
        23003332005141        3332          23       12131.054
        23003332005148        3332          23       12152.849
        24020065000016       20065          24       22496.183
        25000001000016           1          25       105.82353
        25000001001492           1          25       71630.302
        26009787000016        9787          26       26756.731
        26010013000016       10013          26       26756.731
        27000775000016         775          27       15417.667
        27015673000016       15673          27       4538.3684
        29000112000819         112          29       61137.968
        29000140000016         140          29       6707.8182
        30005240000016        5240          30       15417.667
        34014702000016       14702          34       71630.302
        35001412000016        1412          35       71630.302
        38014451013528       14451          38       22496.183
        38014451007892       14451          38       22496.183
        38014451008245       14451          38       12152.849
        38014451013570       14451          38       22496.183
        38014451008806       14451          38       12131.054
        38015000000016       15000          38       10784.174
        38020712000016       20712          38       71630.302
        42000949000016         949          42       31030.108
        42016364000016       16364          42       71630.302
        43020557000016       20557          43       21591.000
        46007353000016        7353          46       61137.968
        47004345000016        4345          47       31030.108
        48000183000140         183          48       12152.849
        48000183000016         183          48       6707.8182
        49000070000016          70          49       1525.2000
        49000070000635          70          49       12152.849
        49000070000816          70          49       22496.183
        49011763000016       11763          49       613.30769
        50000374000016         374          50       10784.174
        58000120000016         120          58       3088.2222
        59007363000016        7363          59       71630.302
        65000538000016         538          65       10784.174
        66004822000016        4822          66       61137.968
        68006542000016        6542          68       12152.849
        68010118005274       10118          68       22496.183
        68010118004254       10118          68       22496.183
        68010118005162       10118          68       12131.054
        68010118000016       10118          68       66.900000
        68010118004086       10118          68       22496.183
        68010118004269       10118          68       22496.183
        72011421000016       11421          72       22496.183
        73001873000016        1873          73       31030.108
        73008729000016        8729          73       12152.849
        73014248001275       14248          73       12152.849
        73014248001190       14248          73       22496.183
        73014248000016       14248          73       613.30769
        73015704000016       15704          73       26756.731
        74004911008201        4911          74       22496.183
        74004911007697        4911          74       22496.183
        74004911007670        4911          74       71630.302
        74004911009555        4911          74       12152.849
        74004911010531        4911          74       22496.183
        74004911007651        4911          74       22496.183
        74004911008833        4911          74       22496.183
        74004911009634        4911          74       12152.849
        76000028003523          28          76       12152.849
        76000028003537          28          76       12152.849
        76000028004569          28          76       12152.849
        76000028005439          28          76       12152.849
        76000028004532          28          76       12152.849
        76000028005430          28          76       12152.849
        76000028007674          28          76       22496.183
        76000028005672          28          76       22496.183
        76000028005658          28          76       12152.849
        76000028000016          28          76       66.900000
        76000028008647          28          76       22496.183
        76000033000016          33          76       105.82353
        76000033002590          33          76       12152.849
        76000033002445          33          76       12152.849
        76000033002442          33          76       12131.054
        76000033004097          33          76       22496.183
        76000033002588          33          76       12152.849
        76000691000016         691          76       15417.667
        77000110001552         110          77       12152.849
        77000110000016         110          77       306.30769
        77000110001540         110          77       22496.183
        77000110001565         110          77       22496.183
        79001550000016        1550          79       26756.731
        79001550000042        1550          79       22496.183
        79001550000058        1550          79       12131.054
        80016309000057       16309          80       4538.3684
        83019782000016       19782          83       6707.8182
        85020382000016       20382          85       26756.731
        87006146000033        6146          87       12152.849
        87006146000016        6146          87       22496.183
        88005232000016        5232          88       15417.667
        89003400009091        3400          89       12152.849
        89003400005278        3400          89       12152.849
        89003400007654        3400          89       22496.183
        89003400010274        3400          89       22496.183
        90000079010071          79          90       3088.2222
        90001127014133        1127          90       12152.849
        90001127014145        1127          90       12152.849
        90001127012815        1127          90       22496.183
        90001127014184        1127          90       22496.183
        90001127014206        1127          90       22496.183
        90001127012022        1127          90       22496.183
        90001127014157        1127          90       22496.183
        92003802000016        3802          92       31030.108
        93000108012939         108          93       22496.183
        93000108011942         108          93       22496.183
        93000108014879         108          93       22496.183
        93000108010966         108          93       22496.183
        93000108013947         108          93       12152.849
        93000108011023         108          93       12152.849
        93000108010981         108          93       12152.849
        93000108011927         108          93       12131.054
        94003051000016        3051          94       31030.108
        96000015008167          15          96       12131.054
        96000015008735          15          96       12152.849
        96000015007965          15          96       12152.849
        96000015007956          15          96       12152.849
        96000015008174          15          96       22496.183
        96017363000016       17363          96       71630.302
        97000061005194          61          97       61137.968
        97000061002181          61          97       22496.183
        97000061002032          61          97       22496.183
        97000061002031          61          97       22496.183
        97000061002192          61          97       12152.849
        97000061002169          61          97       12152.849
        97000061002873          61          97       12152.849
        97000061002033          61          97       12152.849
        97000061002075          61          97       12131.054
        97000061000016          61          97       306.30769
        97019429000073       19429          97       12152.849
        97019429000049       19429          97       12152.849
        97019429000063       19429          97       22496.183
        97019429000016       19429          97       26756.731
       102004797000016        4797         102       61137.968
       103000102014711         102         103       22496.183
       103000102014133         102         103       22496.183
       103000102013362         102         103       12152.849
       104019766099767       19766         104       12152.849
       104019766099777       19766         104       12131.054
       104019766013319       19766         104       12152.849
       104019766096988       19766         104       105.82353
       104019766012778       19766         104       12152.849
       104019766012344       19766         104       22496.183
       104019766012318       19766         104       71630.302
       108010732000016       10732         108       71630.302
       109022047000016       22047         109       61137.968
       116010328000905       10328         116       22496.183
       116010328001403       10328         116       22496.183
       116010328001089       10328         116       22496.183
       116010328000016       10328         116       1525.2000
       116010328000850       10328         116       12131.054
       116010328000901       10328         116       12152.849
       116010925000016       10925         116       15417.667
       117000359000016         359         117       10784.174
       117000359000064         359         117       71630.302
       117000587000016         587         117       15417.667
       120009000000016        9000         120       61137.968
       122000096003670          96         122       12152.849
       122000096003693          96         122       22496.183
       125010341000016       10341         125       3806.0769
       127000226000016         226         127       3806.0769
       127019052000016       19052         127       61137.968
       128008175009279        8175         128       12152.849
       128008175008709        8175         128       12152.849
       128008175007368        8175         128       12152.849
       128008180002987        8180         128       22496.183
       128008180003848        8180         128       22496.183
       128008180002627        8180         128       12152.849
       128008180000016        8180         128       105.82353
       128010707000016       10707         128       31030.108
       130004156000016        4156         130       10784.174
       131004516000016        4516         131       15417.667
       135009308000016        9308         135       61137.968
       136000156000016         156         136       15417.667
       136000322000016         322         136       26756.731
       137000208000016         208         137       15417.667
       138001690000016        1690         138       26756.731
       138004547000016        4547         138       61137.968
       144011679000016       11679         144       26756.731
       147012364000151       12364         147       22496.183
       147012364000016       12364         147       4538.3684
       149000814000016         814         149       15417.667
       150000319000016         319         150       4538.3684
       151004083000016        4083         151       31030.108
       152019645000016       19645         152       10784.174
       154000427000016         427         154       10784.174
       155000302000016         302         155       6707.8182
       156009180000016        9180         156       306.30769
       156009180001614        9180         156       12152.849
       156009180001981        9180         156       22496.183
       156009180003082        9180         156       22496.183
       159016379001197       16379         159       22496.183
       159016379001465       16379         159       12152.849
       159016379000016       16379         159       613.30769
       162020764009937       20764         162       12152.849
       162020764009369       20764         162       22496.183
       162020764012028       20764         162       12152.849
       162020764015692       20764         162       12152.849
       162020764017135       20764         162       71630.302
       163016547000182       16547         163       12152.849
       163016547000016       16547         163       4538.3684
       165012340012306       12340         165       12152.849
       165012340012037       12340         165       12152.849
       165012340012058       12340         165       22496.183
       165012340012636       12340         165       22496.183
       165012340012021       12340         165       22496.183
       166010883000016       10883         166       61137.968
       170000066006178          66         170       22496.183
       170000066006158          66         170       22496.183
       170000066009727          66         170       12152.849
       172000363012406         363         172       22496.183
       172000363011624         363         172       12152.849
       172000363011581         363         172       12152.849
       172000528000016         528         172       3806.0769
       172008358010101        8358         172       12152.849
       172008358011031        8358         172       12152.849
       172008358009528        8358         172       22496.183
       172008358009543        8358         172       22496.183
       173000087000016          87         173       3088.2222
       178000279000016         279         178       6707.8182
       181000132000016         132         181       3088.2222
       181000132000422         132         181       12152.849
       181014952000016       14952         181       22496.183
       182018894000016       18894         182       10784.174
       183011270000538       11270         183       12152.849
       183011270000016       11270         183       1525.2000
       183011385000016       11385         183       4538.3684
       186000252000016         252         186       4538.3684
       186014869000016       14869         186       1525.2000
       190000054007173          54         190       12131.054
       190000054012301          54         190       12152.849
       190000054012788          54         190       22496.183
       190000054007152          54         190       22496.183
       190000054006772          54         190       22496.183
       190000054007180          54         190       22496.183
       190000054006784          54         190       22496.183
       190000054006841          54         190       22496.183
       190000054012284          54         190       12152.849
       190000054007851          54         190       22496.183
       190004192001341        4192         190       22496.183
       190004192001459        4192         190       22496.183
       190004192000016        4192         190       613.30769
       190006454000016        6454         190       31030.108
       190006949000016        6949         190       26756.731
       191000130001529         130         191       22496.183
       191000130001514         130         191       22496.183
       191000130001863         130         191       71630.302
       191000130000016         130         191       306.30769
       191000130002651         130         191       12152.849
       192001741000016        1741         192       31030.108
       194007577000016        7577         194       71630.302
       195008830000016        8830         195       6707.8182
       197000044022883          44         197       31030.108
       200000071003584          71         200       22496.183
       200000071000016          71         200       66.900000
       200000071003575          71         200       12152.849
       200000071007694          71         200       12152.849
       200000071003898          71         200       12131.054
       200000071004344          71         200       22496.183
       200000071004655          71         200       22496.183
       203000535000016         535         203       15417.667
       203013897000016       13897         203       26756.731
       204011663004933       11663         204       12152.849
       204011663010730       11663         204       12152.849
       204011663010770       11663         204       22496.183
       204011663004925       11663         204       22496.183
       206002332000016        2332         206       31030.108
       207012988000016       12988         207       22496.183
       208003669000016        3669         208       3806.0769
       208008478000016        8478         208       61137.968
       210000070005122          70         210       22496.183
       210000070006584          70         210       22496.183
       210000070005137          70         210       22496.183
       210000070005701          70         210       12152.849
       210000070005716          70         210       12152.849
       210000070005999          70         210       12152.849
       211008907042106        8907         211       12152.849
       211008907038911        8907         211       12152.849
       211008907040778        8907         211       22496.183
       211008910006424        8910         211       22496.183
       211008910006965        8910         211       12152.849
       211008910006796        8910         211       12152.849
       213002417000016        2417         213       31030.108
       213014665000016       14665         213       1525.2000
       216005617000016        5617         216       4538.3684
       217004872000016        4872         217       15417.667
       219000727000016         727         219       10784.174
       219000824000148         824         219       10784.174
       219002361000065        2361         219       22496.183
       219002361000016        2361         219       31030.108
       220009333000016        9333         220       306.30769
       221000159000016         159         221       66.900000
       221000159003473         159         221       12131.054
       221000159003451         159         221       12152.849
       221000159004459         159         221       12152.849
       221000159003474         159         221       22496.183
       222003932001278        3932         222       22496.183
       222003932001277        3932         222       22496.183
       222003932001429        3932         222       12152.849
       222003932004682        3932         222       12152.849
       222003932001670        3932         222       22496.183
       222003932002813        3932         222       12152.849
       222003932001409        3932         222       12131.054
       222003932000016        3932         222       306.30769
       223000217000016         217         223       1525.2000
       223000217001123         217         223       12152.849
       223000217001257         217         223       12152.849
       223000217001106         217         223       12152.849
       225000100001236         100         225       12152.849
       225000100001211         100         225       22496.183
       225000100000016         100         225       613.30769
       228006355000016        6355         228       15417.667
       229008050000016        8050         229       71630.302
       231001309000195        1309         231       22496.183
       231001309000016        1309         231       6707.8182
       232000076005879          76         232       71630.302
       232003740000016        3740         232       61137.968
       232003740000056        3740         232       12152.849
       233002633000016        2633         233       31030.108
       234000853000016         853         234       15417.667
       234006605000016        6605         234       71630.302
       234018002000016       18002         234       31030.108
       240011812002749       11812         240       22496.183
       240011812002731       11812         240       22496.183
       240011812003299       11812         240       22496.183
       240011812003593       11812         240       12152.849
       240011812003144       11812         240       12152.849
       240011812003331       11812         240       12152.849
       240011812002730       11812         240       12152.849
       240011812000016       11812         240       105.82353
       240012607000016       12607         240       26756.731
       242009481000016        9481         242       6707.8182
       242014218000016       14218         242       71630.302
       245008675000016        8675         245       22496.183
       247000358000016         358         247       4538.3684
       248018847000016       18847         248       10784.174
       250000910000016         910         250       26756.731
       251002807000016        2807         251       71630.302
       251007866011272        7866         251       61137.968
       251007866010438        7866         251       22496.183
       251007866010461        7866         251       22496.183
       251007866008068        7866         251       22496.183
       251008070000479        8070         251       31030.108
       252015208000016       15208         252       61137.968
       255000268000016         268         255       3806.0769
       256000196000016         196         256       4538.3684
       257000167000016         167         257       4538.3684
       263002624000016        2624         263       26756.731
       263003057000016        3057         263       26756.731
       263022684000016       22684         263       613.30769
       263022684001111       22684         263       12131.054
       263022684001008       22684         263       12152.849
       263022684001019       22684         263       22496.183
       264000054011753          54         264       22496.183
       264000054011706          54         264       22496.183
       264000054008855          54         264       22496.183
       264000054008838          54         264       12152.849
       264011497007545       11497         264       12152.849
       264011497007558       11497         264       12152.849
       264011497008145       11497         264       22496.183
       264011497008846       11497         264       22496.183
       264011497004148       11497         264       12152.849
       264011497004140       11497         264       12152.849
       264011497004135       11497         264       12152.849
       264011497004121       11497         264       12152.849
       264011497000016       11497         264       66.900000
       264011497009353       11497         264       22496.183
       264011497004137       11497         264       22496.183
       264011497004174       11497         264       22496.183
       264011497004156       11497         264       22496.183
       268001955000016        1955         268       10784.174
       272011771000016       11771         272       31030.108
       272011771000056       11771         272       71630.302
       282000425000016         425         282       31030.108
       282000425000052         425         282       12152.849
       282000569000016         569         282       31030.108
       282005260000016        5260         282       10784.174
       285009007000016        9007         285       26756.731
       286000342000016         342         286       15417.667
       286010022000016       10022         286       61137.968
       290000088000016          88         290       1525.2000
       290000088000779          88         290       12152.849
       291002851005775        2851         291       12152.849
       291002851004993        2851         291       613.30769
       291002851003419        2851         291       306.30769
       291002851005822        2851         291       22496.183
       292000052000016          52         292       4538.3684
       292002060010913        2060         292       12152.849
       292002060011743        2060         292       22496.183
       292002060010883        2060         292       22496.183
       292002062003934        2062         292       22496.183
       292002062003745        2062         292       22496.183
       292002062003064        2062         292       12152.849
       292002062004154        2062         292       12152.849
       292002062002977        2062         292       12131.054
       292002062003067        2062         292       12131.054
       292002062000016        2062         292       105.82353
       292002062002965        2062         292       22496.183
       292002062002958        2062         292       22496.183
       292002062003323        2062         292       71630.302
       292002159000016        2159         292       3806.0769
       296001227000016        1227         296       71630.302
       297000477000016         477         297       6707.8182
       297021668000092       21668         297       613.30769
       297021668000960       21668         297       22496.183
       300003901000016        3901         300       6707.8182
       300005272000016        5272         300       31030.108
       303002259000016        2259         303       71630.302
       304000043000016          43         304       613.30769
       304000043001299          43         304       12131.054
       304000043001351          43         304       12152.849
       304000043002144          43         304       22496.183
       306000319000016         319         306       3806.0769
       307007969000016        7969         307       71630.302
       308002535000016        2535         308       10784.174
       308002535000170        2535         308       12152.849
       309001295000016        1295         309       4538.3684
       314000407000016         407         314       10784.174
       314000883000066         883         314       12152.849
       314000883000016         883         314       26756.731
       314001893000016        1893         314       31030.108
       314012995002523       12995         314       12152.849
       314012995000016       12995         314       105.82353
       314012995002421       12995         314       12152.849
       316017236000016       17236         316       61137.968
       318000080001739          80         318       12152.849
       318000080002013          80         318       12152.849
       318000080002000          80         318       12152.849
       318000080000016          80         318       105.82353
       318000080003085          80         318       12152.849
       318000080003010          80         318       12152.849
       318000080003098          80         318       22496.183
       319001751000016        1751         319       26756.731
       320003439000016        3439         320       61137.968
       320018029000016       18029         320       12152.849
       321002141005169        2141         321       22496.183
       321002141005678        2141         321       22496.183
       321002141004839        2141         321       21591.000
       321002141004849        2141         321       12152.849
       321002141004825        2141         321       22496.183
       321002141004809        2141         321       22496.183
       326013941000016       13941         326       6707.8182
       329004881000016        4881         329       15417.667
       331001637001336        1637         331       22496.183
       331001637000016        1637         331       613.30769
       331001637001291        1637         331       12152.849
       331001637001560        1637         331       12131.054
       336000029013971          29         336       12152.849
       336000029012971          29         336       22496.183
       336000029014000          29         336       22496.183
       336000029013463          29         336       12152.849
       336000029014029          29         336       12152.849
       336000029013985          29         336       22496.183
       336000032005872          32         336       71630.302
       336000032003107          32         336       12152.849
       336000032003206          32         336       12152.849
       336000032004791          32         336       22496.183
       336000032003098          32         336       12152.849
       336000032003002          32         336       12131.054
       336000032000016          32         336       105.82353
       336000787000016         787         336       10784.174
       336003630000016        3630         336       71630.302
       336003889000016        3889         336       61137.968
       336023948000016       23948         336       26756.731
       337018001000016       18001         337       15417.667
       338000062011186          62         338       12152.849
       338000062012023          62         338       12152.849
       338000062010598          62         338       12152.849
       338000062010581          62         338       12152.849
       339000080001184          80         339       12152.849
       339000080001304          80         339       12131.054
       339000080001177          80         339       12152.849
       339000080001139          80         339       12152.849
       339000080000016          80         339       306.30769
       339000080001141          80         339       22496.183
       340006507000016        6507         340       71630.302
       345012259000016       12259         345       71630.302
       347003975000016        3975         347       10784.174
       348000056009909          56         348       12152.849
       348000056011648          56         348       12152.849
       348000056010398          56         348       22496.183
       348000056010372          56         348       22496.183
       348009907000016        9907         348       31030.108
       350000102008349         102         350       306.30769
       350000202000016         202         350       10784.174
       350000202000077         202         350       12131.054
       350011223000016       11223         350       31030.108
       351014641000054       14641         351       61137.968
       352000444000016         444         352       10784.174
       352000444000093         444         352       22496.183
       353001995000016        1995         353       71630.302
       358005453000016        5453         358       61137.968
       359012408001220       12408         359       3806.0769
       361010110000016       10110         361       10784.174
       361010110000080       10110         361       12152.849
       363022183000016       22183         363       31030.108
       364000079001942          79         364       22496.183
       364000079002436          79         364       12152.849
       364000079002455          79         364       22496.183
       364000079000016          79         364       306.30769
       364001827000016        1827         364       26756.731
       364010517000016       10517         364       22496.183
       364026270000016       26270         364       15417.667
       365000427000016         427         365       6707.8182
       366000121001476         121         366       31030.108
       367000141011361         141         367       71630.302
       367000141009284         141         367       71630.302
       367000141012053         141         367       12131.054
       367000141009278         141         367       12152.849
       367000141010379         141         367       12152.849
       367000141013394         141         367       12152.849
       367000141009242         141         367       12152.849
       367000141013935         141         367       12152.849
       367000141012700         141         367       22496.183
       367000141009266         141         367       22496.183
       367000141012074         141         367       22496.183
       367000141010421         141         367       22496.183
       367000141009963         141         367       22496.183
       367014417005562       14417         367       22496.183
       367014417007732       14417         367       22496.183
       367014417006698       14417         367       22496.183
       367014417006720       14417         367       22496.183
       367014417004983       14417         367       22496.183
       367014417003661       14417         367       22496.183
       367014417003666       14417         367       12152.849
       367014417003670       14417         367       12152.849
       367014417005587       14417         367       12152.849
       367014417006437       14417         367       12152.849
       367014417007678       14417         367       12152.849
       367014417007666       14417         367       12152.849
       367014417008216       14417         367       12152.849
       367014417003683       14417         367       12131.054
       367014417000016       14417         367       66.900000
       367014417005245       14417         367       71630.302
       367014417005577       14417         367       22496.183
       368000026000016          26         368       1525.2000
       368010548000016       10548         368       105.82353
       368010548004029       10548         368       12152.849
       368010548005291       10548         368       12152.849
       368010548003875       10548         368       12152.849
       368010548005035       10548         368       12152.849
       368010548004173       10548         368       12152.849
       368010548005947       10548         368       22496.183
       373000156000016         156         373       613.30769
       374019282000016       19282         374       306.30769
       374019282002093       19282         374       12152.849
       374019282004443       19282         374       22496.183
       374019282004726       19282         374       26756.731
       374019282002095       19282         374       22496.183
       374025522000016       25522         374       22496.183
       375004475000016        4475         375       71630.302
       377000435000016         435         377       10784.174
       378000377000016         377         378       6707.8182
       385000063000016          63         385       3806.0769
       392000092000016          92         392       1525.2000
       392000092000753          92         392       12131.054
       392000092000816          92         392       12152.849
       392000092000966          92         392       22496.183
       392000092000818          92         392       22496.183
       395000126000016         126         395       3088.2222
       395000531000016         531         395       6707.8182
       398000071010326          71         398       12152.849
       398000071010822          71         398       12152.849
       398000071006181          71         398       22496.183
       398000071006156          71         398       12152.849
       398000071007089          71         398       12152.849
       398012861000016       12861         398       6707.8182
       399000164000016         164         399       306.30769
       400001397000016        1397         400       61137.968
       400006784000016        6784         400       15417.667
       400006784000083        6784         400       22496.183
       400009961000016        9961         400       71630.302
       402000066000016          66         402       3088.2222
       402019617000016       19617         402       6707.8182
       402019617000075       19617         402       22496.183
       407002756000016        2756         407       31030.108
       407002756000055        2756         407       12152.849
       407006416000016        6416         407       61137.968
       408022169000016       22169         408       71630.302
       411000167001847         167         411       15417.667
       414012094000123       12094         414       12131.054
       414012094000016       12094         414       6707.8182
       417008238000016        8238         417       71630.302
       418000117000016         117         418       3806.0769
       418000117000447         117         418       12152.849
       420000033003229          33         420       12152.849
       420000033000016          33         420       105.82353
       420000033004352          33         420       12152.849
       420000033003378          33         420       22496.183
       420000033003240          33         420       22496.183
       422000106005265         106         422       22496.183
       422000106002992         106         422       12152.849
       422000106004159         106         422       12152.849
       422000106000016         106         422       105.82353
       422000106002893         106         422       12152.849
       422000106002892         106         422       12152.849
       422000106003753         106         422       12131.054
       422000106002978         106         422       12152.849
       422001576000016        1576         422       31030.108
       422008247000016        8247         422       26756.731
       424004913000016        4913         424       71630.302
       425026228000016       26228         425       12152.849
       426000139000016         139         426       3088.2222
       427017604000016       17604         427       26756.731
       429019038000016       19038         429       61137.968
       430008533010482        8533         430       22496.183
       430008533009631        8533         430       22496.183
       430008535004846        8535         430       22496.183
       430008535007472        8535         430       12152.849
       430008535000016        8535         430       66.900000
       430008535005990        8535         430       12152.849
       430008535006082        8535         430       12152.849
       430008535004870        8535         430       12152.849
       430008535005253        8535         430       12131.054
       430008535005697        8535         430       12131.054
       430008535004301        8535         430       12152.849
       430008535005240        8535         430       22496.183
       430008535004314        8535         430       22496.183
       430008535004303        8535         430       22496.183
       431000183026102         183         431       22496.183
       431000183023576         183         431       22496.183
       431000183030745         183         431       61137.968
       431000183030719         183         431       22496.183
       431000183022018         183         431       22496.183
       431024730000016       24730         431       71630.302
       433000102000234         102         433       12152.849
       433000102000280         102         433       12152.849
       433000102000016         102         433       4538.3684
       433015370000016       15370         433       61137.968
       436000075025515          75         436       31030.108
       437005148143334        5148         437       22496.183
       437005148140515        5148         437       105.82353
       437005148143609        5148         437       22496.183
       437005148143569        5148         437       12152.849
       437005150005979        5150         437       12152.849
       437005150005989        5150         437       12152.849
       437005150008792        5150         437       12152.849
       437005150005364        5150         437       12152.849
       437005150005573        5150         437       12152.849
       437005150006404        5150         437       12152.849
       437005150005577        5150         437       22496.183
       437005150000016        5150         437       66.900000
       437005150005741        5150         437       12152.849
       437005150004857        5150         437       12152.849
       437005150007913        5150         437       12152.849
       437005150006424        5150         437       12131.054
       437005150008450        5150         437       12131.054
       437005150007621        5150         437       22496.183
       437005184000016        5184         437       3088.2222
       438000127000016         127         438       66.900000
       438000127005629         127         438       12131.054
       438000127004133         127         438       12152.849
       438000127006995         127         438       12152.849
       438000127004545         127         438       22496.183
       438000127004286         127         438       22496.183
       438000127005333         127         438       22496.183
       438000127005593         127         438       22496.183
       438000127004300         127         438       22496.183
       438000127004564         127         438       71630.302
       438025578000016       25578         438       4538.3684
       440002450000055        2450         440       12152.849
       440002450000016        2450         440       31030.108
       440024802000016       24802         440       10784.174
       444000233000016         233         444       3806.0769
       450002093000016        2093         450       4538.3684
       450004751000016        4751         450       31030.108
       452000471000016         471         452       15417.667
       457000414000016         414         457       6707.8182
       457000414000138         414         457       12131.054
       457006913000053        6913         457       3806.0769
       459004078000016        4078         459       31030.108
       461006255000016        6255         461       61137.968
       461024647000016       24647         461       26756.731
       462017037000016       17037         462       22496.183
       464003002000016        3002         464       15417.667
       465001981000016        1981         465       4538.3684
       465012256035011       12256         465       31030.108
       466001066000100        1066         466       12152.849
       466001066000016        1066         466       15417.667
       467000098004456          98         467       12152.849
       467000098004370          98         467       12131.054
       467000098003670          98         467       12152.849
       467000098000016          98         467       105.82353
       467000098004546          98         467       22496.183
       471000446000375         446         471       31030.108
       471000446000409         446         471       12152.849
       471006076000016        6076         471       22496.183
       472014781000016       14781         472       12152.849
       478003929000016        3929         478       1525.2000
       481000095007015          95         481       12152.849
       481000095007328          95         481       12152.849
       481000095006996          95         481       22496.183
       481000095006775          95         481       12152.849
       481000095007739          95         481       12152.849
       485008927000089        8927         485       15417.667
       486000114000016         114         486       613.30769
       486017550000016       17550         486       61137.968
       488002947000016        2947         488       71630.302
       488002947000030        2947         488       12152.849
       489000127001605         127         489       12152.849
       489000127001191         127         489       12152.849
       489000127000016         127         489       306.30769
       489000127001499         127         489       22496.183
       489000127001195         127         489       22496.183
       489002989000016        2989         489       31030.108
       495000173000497         173         495       6707.8182
       497000104000016         104         497       3806.0769
       497003776000016        3776         497       6707.8182
       498000151008932         151         498       12131.054
       498000151012131         151         498       12152.849
       498000151010530         151         498       12152.849
       498000151010509         151         498       12152.849
       498000151010517         151         498       12152.849
       498000151013127         151         498       22496.183
       498000151010550         151         498       22496.183
       498000151008946         151         498       22496.183
       498000151014131         151         498       22496.183
       500000080009871          80         500       22496.183
       503001801000080        1801         503       12152.849
       503001801000016        1801         503       26756.731
       503024724000016       24724         503       61137.968
       510001492000016        1492         510       15417.667
