        1185
               9000026           9           0       102.26667
               9003013           9           0       8192.3226
               9000846           9           0       9276.3389
               9001397           9           0       9276.3389
               9001827           9           0       9276.3389
               9001838           9           0       9276.3389
               9003568           9           0       9276.3389
               9002781           9           0       12711.908
               9001112           9           0       12711.908
              13013789          13           0       9276.3389
           25549001951       25549           0       9276.3389
           25549001966       25549           0       9276.3389
           25549001969       25549           0       9276.3389
           25549002379       25549           0       9276.3389
           25549002644       25549           0       8192.3226
           25549000026       25549           0       23.947368
           25549002386       25549           0       4706.2000
           25549001941       25549           0       12711.908
           25549001654       25549           0       12711.908
           25549001649       25549           0       12711.908
           25549001644       25549           0       12711.908
           25549001633       25549           0       12711.908
           25549001796       25549           0       33996.867
         1000052000026          52           1       2273.4706
         1000257000026         257           1       7228.6061
         1000975000026         975           1       13888.067
         2000004000154           4           2       12711.908
         2000004000026           4           2       5155.0000
         2000004000118           4           2       4706.2000
         2005581000026        5581           2       33996.867
         8012934013513       12934           8       12711.908
         8012934017096       12934           8       12711.908
         8012934015515       12934           8       7228.6061
         8012934013457       12934           8       9276.3389
         8012934013496       12934           8       9276.3389
         9019516002551       19516           9       52152.872
        10020431000026       20431          10       33996.867
        10020431000043       20431          10       12711.908
        13000921000026         921          13       19411.919
        13000921000046         921          13       8192.3226
        14011166000026       11166          14       13888.067
        16000015000492          15          16       12711.908
        16000015000664          15          16       12711.908
        16000015000522          15          16       12711.908
        16000015000026          15          16       711.38462
        16000015000655          15          16       9276.3389
        17000039032799          39          17       19411.919
        17016679000026       16679          17       52152.872
        18001174000281        1174          18       12711.908
        18001174000836        1174          18       9276.3389
        18001174004997        1174          18       9276.3389
        18001174000026        1174          18       931.57143
        18001174001139        1174          18       8192.3226
        18001174000316        1174          18       9276.3389
        18001381000026        1381          18       4090.1667
        18001381000125        1381          18       9276.3389
        18001381000100        1381          18       12711.908
        18002664000183        2664          18       13888.067
        21004871000026        4871          21       33996.867
        23003332002763        3332          23       52152.872
        23003332008051        3332          23       12711.908
        23003332003353        3332          23       12711.908
        23003332002931        3332          23       12711.908
        23003332003076        3332          23       12711.908
        23003332002326        3332          23       12711.908
        23003332002365        3332          23       12711.908
        23003332002736        3332          23       12711.908
        23003332001777        3332          23       12711.908
        23003332002333        3332          23       9276.3389
        23003332002343        3332          23       9276.3389
        23003332001924        3332          23       9276.3389
        23003332002948        3332          23       9276.3389
        23003332002956        3332          23       9276.3389
        23003332001771        3332          23       9276.3389
        23003332003085        3332          23       9276.3389
        23003332003092        3332          23       9276.3389
        23003332005491        3332          23       9276.3389
        23003332000026        3332          23       23.947368
        24020065000026       20065          24       9276.3389
        25000001000026           1          25       2273.4706
        25000001000791           1          25       12711.908
        25000001001502           1          25       12711.908
        25000001000236           1          25       33996.867
        26000145000149         145          26       12711.908
        26000145000026         145          26       7228.6061
        26009787000026        9787          26       19411.919
        26010013000026       10013          26       19411.919
        27000775000026         775          27       32805.351
        29000112000829         112          29       52152.872
        29000140000026         140          29       7228.6061
        30005240000026        5240          30       19411.919
        34014702000026       14702          34       12711.908
        34014702000045       14702          34       9276.3389
        35001412000026        1412          35       33996.867
        38014451013580       14451          38       12711.908
        38014451007902       14451          38       8192.3226
        38014451013538       14451          38       8192.3226
        38015000000026       15000          38       13888.067
        38020712000026       20712          38       9276.3389
        41009999000783        9999          41       2273.4706
        41010305000026       10305          41       5155.0000
        42000949000026         949          42       52152.872
        42016364000026       16364          42       12711.908
        46007353000026        7353          46       33996.867
        47004345000026        4345          47       52152.872
        48000183000026         183          48       5155.0000
        49000070000317          70          49       8192.3226
        49000070000026          70          49       931.57143
        49000070000434          70          49       9276.3389
        49000070000826          70          49       9276.3389
        49000070000311          70          49       12711.908
        49000070000375          70          49       12711.908
        49011763000647       11763          49       12711.908
        49011763000026       11763          49       711.38462
        50000374000026         374          50       13888.067
        55016585003748       16585          55       5155.0000
        58000120000026         120          58       2273.4706
        58000120000224         120          58       9276.3389
        58000120000189         120          58       33996.867
        58000120000230         120          58       12711.908
        59007363000026        7363          59       33996.867
        63012040000026       12040          63       5155.0000
        65000538000026         538          65       13888.067
        65000538000061         538          65       12711.908
        66004822000026        4822          66       33996.867
        68000005014866           5          68       33996.867
        68000005014848           5          68       12711.908
        68000005014859           5          68       8192.3226
        68000005012890           5          68       8.3125000
        68000005014861           5          68       9276.3389
        68000005014846           5          68       9276.3389
        68006542000026        6542          68       12711.908
        68010118004096       10118          68       12711.908
        68010118002435       10118          68       33996.867
        68010118001867       10118          68       12711.908
        68010118001886       10118          68       12711.908
        68010118002165       10118          68       12711.908
        68010118001412       10118          68       12711.908
        68010118001422       10118          68       12711.908
        68010118001655       10118          68       9276.3389
        68010118002170       10118          68       9276.3389
        68010118002727       10118          68       9276.3389
        68010118002738       10118          68       9276.3389
        68010118002935       10118          68       9276.3389
        68010118000026       10118          68       102.26667
        68010118004264       10118          68       8192.3226
        70015595000026       15595          70       4090.1667
        72011421000026       11421          72       12711.908
        73001873000026        1873          73       52152.872
        73014248000472       14248          73       12711.908
        73014248000695       14248          73       12711.908
        73014248001068       14248          73       12711.908
        73014248001094       14248          73       12711.908
        73014248000026       14248          73       711.38462
        73014248000866       14248          73       8192.3226
        73015704000049       15704          73       12711.908
        73015704000026       15704          73       32805.351
        74004911007680        4911          74       33996.867
        74004911007707        4911          74       9276.3389
        74004911009644        4911          74       9276.3389
        76000028000964          28          76       9276.3389
        76000028000976          28          76       9276.3389
        76000028000998          28          76       9276.3389
        76000028001348          28          76       9276.3389
        76000028001457          28          76       9276.3389
        76000028001462          28          76       9276.3389
        76000028001991          28          76       8192.3226
        76000028003533          28          76       8192.3226
        76000028000026          28          76       367.09091
        76000028001491          28          76       9276.3389
        76000028001358          28          76       33996.867
        76000028001473          28          76       12711.908
        76000028000983          28          76       12711.908
        76000028000759          28          76       12711.908
        76000028001509          28          76       12711.908
        76000028001803          28          76       12711.908
        76000028001811          28          76       12711.908
        76000033001052          33          76       12711.908
        76000033001062          33          76       12711.908
        76000033001071          33          76       12711.908
        76000033001745          33          76       12711.908
        76000033002230          33          76       12711.908
        76000033001082          33          76       33996.867
        76000033000026          33          76       102.26667
        76000691000026         691          76       19411.919
        77000110000505         110          77       33996.867
        77000110000026         110          77       711.38462
        77000110000493         110          77       9276.3389
        77000110000532         110          77       9276.3389
        77000110000883         110          77       9276.3389
        77000110001550         110          77       9276.3389
        79001550000052        1550          79       4706.2000
        79001550000026        1550          79       32805.351
        80016309000067       16309          80       5155.0000
        83019782000026       19782          83       7228.6061
        85000227000335         227          85       32805.351
        85020382000026       20382          85       52152.872
        88005232000026        5232          88       19411.919
        89003400007664        3400          89       12711.908
        89003400009101        3400          89       9276.3389
        89003400010284        3400          89       9276.3389
        90000079010081          79          90       4090.1667
        90001127014216        1127          90       12711.908
        92001014000026        1014          92       13888.067
        92003802000026        3802          92       32805.351
        93000108013957         108          93       12711.908
        93000108010991         108          93       9276.3389
        93000108014889         108          93       9276.3389
        94003051000026        3051          94       52152.872
        96000015008184          15          96       12711.908
        96000017001713          17          96       12711.908
        96000017001852          17          96       12711.908
        96000017001700          17          96       9276.3389
        96000017001707          17          96       9276.3389
        96000017001715          17          96       4706.2000
        96000017000026          17          96       102.26667
        96017363000026       17363          96       33996.867
        97000061005204          61          97       33996.867
        97000061000702          61          97       12711.908
        97000061000627          61          97       12711.908
        97000061000629          61          97       12711.908
        97000061000635          61          97       12711.908
        97000061000026          61          97       102.26667
        97000061000624          61          97       9276.3389
        97000061000695          61          97       9276.3389
        97018899000120       18899          97       23.947368
        97018899001953       18899          97       12711.908
        97018899001963       18899          97       12711.908
        97018899001967       18899          97       33996.867
        97019429000059       19429          97       12711.908
        97019429000026       19429          97       19411.919
        97019429000083       19429          97       9276.3389
       102004797000026        4797         102       12711.908
       103000102014721         102         103       8192.3226
       104019766096998       19766         104       367.09091
       104019766097700       19766         104       9276.3389
       104019766098304       19766         104       9276.3389
       104019766012328       19766         104       12711.908
       104019766012354       19766         104       12711.908
       104019766097875       19766         104       12711.908
       104019766098277       19766         104       12711.908
       104019766097685       19766         104       12711.908
       105006737002201        6737         105       12711.908
       105006737002268        6737         105       12711.908
       105006737002275        6737         105       33996.867
       105006737002254        6737         105       33996.867
       105006737002239        6737         105       33996.867
       105006737002198        6737         105       9276.3389
       105006737000026        6737         105       8.3125000
       105006737002204        6737         105       8192.3226
       105006737002208        6737         105       9276.3389
       105006737002209        6737         105       9276.3389
       105006737002226        6737         105       9276.3389
       105006737002252        6737         105       9276.3389
       108003429001910        3429         108       9276.3389
       108003429001912        3429         108       9276.3389
       108003429001924        3429         108       9276.3389
       108003429003634        3429         108       8192.3226
       108003429000026        3429         108       8.3125000
       108003429002654        3429         108       9276.3389
       108003429003628        3429         108       9276.3389
       108003429001997        3429         108       9276.3389
       108003429003324        3429         108       9276.3389
       108003429001950        3429         108       33996.867
       108003429002002        3429         108       33996.867
       108003429003376        3429         108       33996.867
       108003429002673        3429         108       33996.867
       108003429001929        3429         108       12711.908
       108003429001934        3429         108       12711.908
       108003429001961        3429         108       12711.908
       108003429001978        3429         108       12711.908
       108003429001987        3429         108       12711.908
       108003429001992        3429         108       12711.908
       108003429002018        3429         108       32805.351
       108003429003329        3429         108       12711.908
       108003429003343        3429         108       12711.908
       108003429003352        3429         108       12711.908
       108003429003357        3429         108       12711.908
       108003429003363        3429         108       12711.908
       108003429002650        3429         108       12711.908
       108003429002675        3429         108       12711.908
       108003429002657        3429         108       12711.908
       108003429003639        3429         108       12711.908
       108003429003652        3429         108       12711.908
       108003429003656        3429         108       12711.908
       108010732000026       10732         108       9276.3389
       109019095000026       19095         109       931.57143
       109019095000582       19095         109       8192.3226
       109019267008720       19267         109       5155.0000
       109022047000026       22047         109       52152.872
       110010624000328       10624         110       5155.0000
       113000057000026          57         113       8.3125000
       113000057002087          57         113       33996.867
       113000057002094          57         113       33996.867
       116010328000026       10328         116       931.57143
       116010328000453       10328         116       8192.3226
       116010328000465       10328         116       9276.3389
       116010925000026       10925         116       32805.351
       116010925000072       10925         116       12711.908
       117000136000026         136         117       5155.0000
       117000359000026         359         117       13888.067
       117000587000026         587         117       19411.919
       120009000000026        9000         120       52152.872
       122000119000166         119         122       8192.3226
       122000119000026         119         122       2273.4706
       124009595000026        9595         124       711.38462
       125010341000026       10341         125       2273.4706
       125010341000244       10341         125       9276.3389
       126000089003269          89         126       9276.3389
       126000089003277          89         126       9276.3389
       126000089003323          89         126       9276.3389
       126000089000026          89         126       8.3125000
       126000089003312          89         126       33996.867
       126000089003298          89         126       12711.908
       126000089003270          89         126       12711.908
       126000089003271          89         126       12711.908
       126000089003267          89         126       12711.908
       126003740001498        3740         126       12711.908
       126003740001509        3740         126       12711.908
       126003740001523        3740         126       12711.908
       126003740001541        3740         126       12711.908
       126003740001916        3740         126       12711.908
       126003740001932        3740         126       12711.908
       126003740001941        3740         126       12711.908
       126003740001953        3740         126       12711.908
       126003740001980        3740         126       12711.908
       126003740002211        3740         126       12711.908
       126003740002490        3740         126       12711.908
       126003740002534        3740         126       33996.867
       126003740001990        3740         126       33996.867
       126003740000026        3740         126       23.947368
       126003740001495        3740         126       8192.3226
       126003740002174        3740         126       8192.3226
       126003740002501        3740         126       9276.3389
       126003740002189        3740         126       9276.3389
       126003740002195        3740         126       9276.3389
       127000226000026         226         127       5155.0000
       127019052000026       19052         127       52152.872
       128000001001414           1         128       33996.867
       128000001001381           1         128       33996.867
       128000001001393           1         128       12711.908
       128000001001419           1         128       12711.908
       128000001000026           1         128       23.947368
       128000001001364           1         128       9276.3389
       128000001001370           1         128       9276.3389
       128000001001403           1         128       9276.3389
       128008175008719        8175         128       9276.3389
       128008178003125        8178         128       9276.3389
       128008178003129        8178         128       9276.3389
       128008178003059        8178         128       9276.3389
       128008178003075        8178         128       9276.3389
       128008178000026        8178         128       8.3125000
       128008178003079        8178         128       12711.908
       128008178003087        8178         128       12711.908
       128008178003089        8178         128       12711.908
       128008178003134        8178         128       33996.867
       128008180001432        8180         128       33996.867
       128008180000998        8180         128       12711.908
       128008180001018        8180         128       12711.908
       128008180001200        8180         128       12711.908
       128008180001208        8180         128       12711.908
       128008180001220        8180         128       12711.908
       128008180001694        8180         128       12711.908
       128008180000026        8180         128       102.26667
       128008180001413        8180         128       8192.3226
       128008180001006        8180         128       8192.3226
       128008180001026        8180         128       9276.3389
       128008180001726        8180         128       9276.3389
       128008180002169        8180         128       9276.3389
       128008180002360        8180         128       9276.3389
       128008180002559        8180         128       9276.3389
       128008180001003        8180         128       9276.3389
       128008180000796        8180         128       9276.3389
       128008192003545        8192         128       13888.067
       128010707000026       10707         128       32805.351
       130004156000026        4156         130       7228.6061
       131004516000026        4516         131       19411.919
       131026309021696       26309         131       52152.872
       131026309021695       26309         131       12711.908
       131026309021686       26309         131       8192.3226
       131026309020072       26309         131       23.947368
       131026309021692       26309         131       9276.3389
       131026309021679       26309         131       9276.3389
       135009308000026        9308         135       52152.872
       136000156000026         156         136       13888.067
       136000322000026         322         136       19411.919
       137000208000026         208         137       19411.919
       138001690000026        1690         138       32805.351
       138004547000026        4547         138       33996.867
       144011679000026       11679         144       32805.351
       147012364000161       12364         147       9276.3389
       147012364000026       12364         147       4090.1667
       149000814000026         814         149       19411.919
       150000319000026         319         150       5155.0000
       151004083000046        4083         151       9276.3389
       151004083000026        4083         151       52152.872
       152019645000026       19645         152       7228.6061
       154000061001798          61         154       8192.3226
       154000061001818          61         154       8192.3226
       154000061000026          61         154       8.3125000
       154000061001855          61         154       33996.867
       154000061001869          61         154       33996.867
       154000061001823          61         154       12711.908
       154000061001833          61         154       12711.908
       154000061001852          61         154       12711.908
       154000061001810          61         154       12711.908
       154000061001781          61         154       12711.908
       154000427000026         427         154       13888.067
       155000302000026         302         155       7228.6061
       156009180000026        9180         156       711.38462
       156009180000253        9180         156       9276.3389
       156009180000287        9180         156       9276.3389
       156009180000326        9180         156       9276.3389
       156009180001322        9180         156       9276.3389
       156009180000258        9180         156       12711.908
       156009180000268        9180         156       12711.908
       159016379000575       16379         159       12711.908
       159016379000831       16379         159       33996.867
       159016379000472       16379         159       9276.3389
       159016379000026       16379         159       711.38462
       163016547000026       16547         163       5155.0000
       163016547000192       16547         163       9276.3389
       165012340012047       12340         165       9276.3389
       165012340012068       12340         165       12711.908
       166010883000026       10883         166       33996.867
       170000066006168          66         170       12711.908
       170000066006188          66         170       12711.908
       172000363012416         363         172       9276.3389
       172008358009538        8358         172       9276.3389
       173000087000205          87         173       9276.3389
       173000087000215          87         173       9276.3389
       173000087000265          87         173       9276.3389
       173000087000026          87         173       2273.4706
       178000279000026         279         178       7228.6061
       178000279000078         279         178       9276.3389
       178015214000373       15214         178       19411.919
       180023281000440       23281         180       13888.067
       181000132000268         132         181       9276.3389
       181000132000026         132         181       4090.1667
       181014952000026       14952         181       9276.3389
       182018894000026       18894         182       13888.067
       183011270000497       11270         183       12711.908
       183011270000247       11270         183       9276.3389
       183011270000490       11270         183       9276.3389
       183011270000510       11270         183       9276.3389
       183011270000026       11270         183       2273.4706
       183011385000026       11385         183       5155.0000
       183011385000125       11385         183       12711.908
       183011385000153       11385         183       12711.908
       184012911000026       12911         184       19411.919
       186000252000026         252         186       5155.0000
       186000254000183         254         186       13888.067
       187013469000026       13469         187       5155.0000
       188000105000213         105         188       5155.0000
       190000054012798          54         190       8192.3226
       190000054007861          54         190       9276.3389
       190000054006794          54         190       12711.908
       190000054007162          54         190       12711.908
       190004192000478        4192         190       33996.867
       190006454000026        6454         190       32805.351
       190006949000026        6949         190       32805.351
       191000120007101         120         191       32805.351
       191000120006588         120         191       33996.867
       191000120007085         120         191       33996.867
       191000120007082         120         191       12711.908
       191000120006575         120         191       12711.908
       191000120006550         120         191       12711.908
       191000120006535         120         191       12711.908
       191000120006262         120         191       12711.908
       191000120006275         120         191       12711.908
       191000120006280         120         191       12711.908
       191000120007741         120         191       9276.3389
       191000120006533         120         191       9276.3389
       191000120006542         120         191       9276.3389
       191000120006519         120         191       8192.3226
       191000120006557         120         191       8192.3226
       191000120006601         120         191       8192.3226
       191000120005050         120         191       23.947368
       191000130000026         130         191       931.57143
       191000130000818         130         191       9276.3389
       191000130001111         130         191       9276.3389
       191000130001162         130         191       9276.3389
       191000130000399         130         191       12711.908
       191000130000422         130         191       12711.908
       191000130000648         130         191       12711.908
       191000130001524         130         191       12711.908
       192001741000026        1741         192       32805.351
       192001741000048        1741         192       8192.3226
       194000045000026          45         194       23.947368
       194000045001407          45         194       33996.867
       194000045002393          45         194       12711.908
       194000045001394          45         194       12711.908
       194000045001397          45         194       12711.908
       194007577000026        7577         194       9276.3389
       194019443006630       19443         194       19411.919
       195008830000026        8830         195       7228.6061
       197000044022893          44         197       33996.867
       200000071002106          71         200       33996.867
       200000071001442          71         200       33996.867
       200000071001691          71         200       32805.351
       200000071001400          71         200       12711.908
       200000071001415          71         200       12711.908
       200000071001432          71         200       12711.908
       200000071001674          71         200       8192.3226
       200000071000026          71         200       23.947368
       200000071001453          71         200       9276.3389
       200000071001662          71         200       9276.3389
       200000071001671          71         200       9276.3389
       200000071001398          71         200       9276.3389
       200000071004665          71         200       9276.3389
       202015315002924       15315         202       9276.3389
       202015315002612       15315         202       9276.3389
       202015315003217       15315         202       9276.3389
       202015315000388       15315         202       23.947368
       202015315002943       15315         202       8192.3226
       202015315003210       15315         202       8192.3226
       202015315002930       15315         202       12711.908
       202015315002615       15315         202       12711.908
       202015315002912       15315         202       12711.908
       202015315002945       15315         202       12711.908
       202015315003091       15315         202       12711.908
       203000535000026         535         203       19411.919
       203013897000026       13897         203       32805.351
       204000028018383          28         204       33996.867
       204000028017672          28         204       367.09091
       204000028018378          28         204       4706.2000
       204000028018375          28         204       9276.3389
       204011663010740       11663         204       9276.3389
       204011663010780       11663         204       9276.3389
       206002332000026        2332         206       32805.351
       207012988000026       12988         207       12711.908
       208008478000026        8478         208       52152.872
       210000070005147          70         210       12711.908
       210000070006009          70         210       12711.908
       210000070006594          70         210       9276.3389
       211008907038921        8907         211       9276.3389
       211008910006434        8910         211       12711.908
       213002417000026        2417         213       32805.351
       213014665000369       14665         213       9276.3389
       213014665000026       14665         213       931.57143
       216005617000026        5617         216       5155.0000
       217004872000026        4872         217       13888.067
       219000134001709         134         219       33996.867
       219000134002610         134         219       12711.908
       219000134002989         134         219       12711.908
       219000134003025         134         219       12711.908
       219000134001505         134         219       12711.908
       219000134001515         134         219       12711.908
       219000134002589         134         219       12711.908
       219000134000026         134         219       23.947368
       219000134002598         134         219       9276.3389
       219000727000026         727         219       13888.067
       219000824000158         824         219       7228.6061
       219002361000075        2361         219       9276.3389
       219002361000026        2361         219       52152.872
       220009333000635        9333         220       12711.908
       220009333000772        9333         220       12711.908
       220009333000832        9333         220       12711.908
       220009333001169        9333         220       12711.908
       220009333000631        9333         220       9276.3389
       220009333000632        9333         220       9276.3389
       220009333000026        9333         220       367.09091
       221000159000026         159         221       23.947368
       221000159002134         159         221       9276.3389
       221000159002637         159         221       9276.3389
       221000159002654         159         221       9276.3389
       221000159001677         159         221       9276.3389
       221000159001679         159         221       12711.908
       221000159001708         159         221       12711.908
       221000159001720         159         221       12711.908
       221000159001859         159         221       12711.908
       221000159001992         159         221       12711.908
       221000159001999         159         221       12711.908
       221000159001695         159         221       33996.867
       222003932000484        3932         222       12711.908
       222003932000650        3932         222       12711.908
       222003932000026        3932         222       711.38462
       223000217000026         217         223       931.57143
       223000217000387         217         223       4706.2000
       223000217000367         217         223       12711.908
       223000217000354         217         223       12711.908
       223000217000357         217         223       33996.867
       223000407000076         407         223       12711.908
       223000407000026         407         223       7228.6061
       225000100000026         100         225       931.57143
       225000100001221         100         225       9276.3389
       226000079002331          79         226       9276.3389
       226000079000026          79         226       8.3125000
       226000079002335          79         226       8192.3226
       226000079002338          79         226       12711.908
       226000079002317          79         226       12711.908
       226000079002323          79         226       12711.908
       228004994003627        4994         228       12711.908
       228004994003638        4994         228       12711.908
       228004994003597        4994         228       12711.908
       228004994003651        4994         228       33996.867
       228004994003666        4994         228       33996.867
       228004994003677        4994         228       33996.867
       228004994003687        4994         228       33996.867
       228004994003618        4994         228       8192.3226
       228004994003595        4994         228       8192.3226
       228004994000026        4994         228       8.3125000
       228004994003625        4994         228       9276.3389
       228004994003640        4994         228       9276.3389
       228006355000026        6355         228       19411.919
       229008050000026        8050         229       33996.867
       231001309000026        1309         231       5155.0000
       232003740000026        3740         232       52152.872
       233002633000026        2633         233       32805.351
       234000853000026         853         234       19411.919
       234006605000026        6605         234       12711.908
       234018002000026       18002         234       52152.872
       238000085001399          85         238       7228.6061
       240011812001454       11812         240       8192.3226
       240011812000026       11812         240       367.09091
       240011812000959       11812         240       9276.3389
       240011812001083       11812         240       9276.3389
       240011812001322       11812         240       9276.3389
       240011812000971       11812         240       12711.908
       240011812000981       11812         240       12711.908
       240011812001074       11812         240       12711.908
       240011812001469       11812         240       12711.908
       240011812001313       11812         240       12711.908
       240012607000026       12607         240       32805.351
       242009481000026        9481         242       7228.6061
       242014218000026       14218         242       33996.867
       245008675000026        8675         245       12711.908
       247000358000177         358         247       12711.908
       247000358000026         358         247       4090.1667
       248018847000026       18847         248       19411.919
       250000910000026         910         250       32805.351
       251007866010471        7866         251       12711.908
       252015208000026       15208         252       33996.867
       255000268000026         268         255       4090.1667
       256000196000026         196         256       5155.0000
       256000196000222         196         256       8192.3226
       256000196000141         196         256       9276.3389
       256000196000187         196         256       12711.908
       257000037006748          37         257       13888.067
       257000167000153         167         257       9276.3389
       257000167000026         167         257       4090.1667
       263002624000026        2624         263       19411.919
       263003057000026        3057         263       32805.351
       263003926002983        3926         263       33996.867
       263003926002972        3926         263       12711.908
       263003926002979        3926         263       12711.908
       263003926000071        3926         263       8.3125000
       263003926002968        3926         263       9276.3389
       263022684001018       22684         263       9276.3389
       263022684000026       22684         263       2273.4706
       263022684000313       22684         263       12711.908
       264011497001459       11497         264       12711.908
       264011497004131       11497         264       12711.908
       264011497003445       11497         264       12711.908
       264011497003784       11497         264       12711.908
       264011497003805       11497         264       12711.908
       264011497003845       11497         264       12711.908
       264011497003079       11497         264       33996.867
       264011497003066       11497         264       9276.3389
       264011497003889       11497         264       9276.3389
       268001955000073        1955         268       9276.3389
       268001955000026        1955         268       13888.067
       272000167000026         167         272       5155.0000
       272011771000066       11771         272       33996.867
       272011771000026       11771         272       52152.872
       273013172000114       13172         273       12711.908
       273013172000026       13172         273       2273.4706
       273013172000101       13172         273       9276.3389
       277001178000026        1178         277       19411.919
       282000425000026         425         282       52152.872
       282000569000026         569         282       32805.351
       282004951001089        4951         282       12711.908
       282004951001096        4951         282       12711.908
       282004951001105        4951         282       12711.908
       282004951000423        4951         282       9276.3389
       282004951000425        4951         282       9276.3389
       282004951000944        4951         282       9276.3389
       282004951000026        4951         282       711.38462
       282005260000026        5260         282       13888.067
       285009007000026        9007         285       52152.872
       286000342000026         342         286       13888.067
       286010022000026       10022         286       52152.872
       290000088000026          88         290       931.57143
       290000088000152          88         290       9276.3389
       290000092001775          92         290       4090.1667
       291002851005003        2851         291       2273.4706
       291002851003429        2851         291       367.09091
       291002851004268        2851         291       9276.3389
       291002851005212        2851         291       9276.3389
       291002851004251        2851         291       12711.908
       291002851005545        2851         291       12711.908
       292000052000026          52         292       4090.1667
       292002060010893        2060         292       12711.908
       292002062001461        2062         292       12711.908
       292002062001586        2062         292       12711.908
       292002062002335        2062         292       12711.908
       292002062002690        2062         292       12711.908
       292002062001218        2062         292       12711.908
       292002062002803        2062         292       52152.872
       292002062001162        2062         292       33996.867
       292002062000026        2062         292       102.26667
       292002062002975        2062         292       8192.3226
       292002062001176        2062         292       8192.3226
       292002062001191        2062         292       9276.3389
       292002159000026        2159         292       4090.1667
       292002159000139        2159         292       12711.908
       296001227000026        1227         296       33996.867
       296003841036480        3841         296       33996.867
       296003841036752        3841         296       12711.908
       296003841036767        3841         296       12711.908
       296003841036465        3841         296       12711.908
       296003841036474        3841         296       12711.908
       296003841034048        3841         296       23.947368
       296003841036504        3841         296       9276.3389
       296003841036744        3841         296       9276.3389
       296003841036748        3841         296       9276.3389
       297000477000026         477         297       7228.6061
       297021668000102       21668         297       931.57143
       297021668000372       21668         297       33996.867
       300003901000026        3901         300       7228.6061
       300003901000103        3901         300       9276.3389
       300005272000026        5272         300       32805.351
       303002259000026        2259         303       12711.908
       304000043000411          43         304       12711.908
       304000043000525          43         304       9276.3389
       304000043002154          43         304       9276.3389
       304000043000405          43         304       9276.3389
       304000043000026          43         304       931.57143
       307007969000026        7969         307       12711.908
       308002535000026        2535         308       7228.6061
       309000110000292         110         309       8.3125000
       309000110003232         110         309       9276.3389
       309000110003243         110         309       9276.3389
       309000110003277         110         309       9276.3389
       309000110003251         110         309       12711.908
       309000110003268         110         309       12711.908
       309000110003271         110         309       12711.908
       309000110003285         110         309       12711.908
       309001295000026        1295         309       4090.1667
       314000407000026         407         314       7228.6061
       314000883000026         883         314       19411.919
       314001893000026        1893         314       52152.872
       314012995000833       12995         314       33996.867
       314012995001720       12995         314       12711.908
       314012995002431       12995         314       12711.908
       314012995000388       12995         314       12711.908
       314012995000026       12995         314       711.38462
       314012995000391       12995         314       9276.3389
       314012995000386       12995         314       9276.3389
       314012995001970       12995         314       9276.3389
       314012995001984       12995         314       9276.3389
       316017236000026       17236         316       12711.908
       318000080001612          80         318       12711.908
       318000080000736          80         318       12711.908
       318000080007367          80         318       52152.872
       318000080001133          80         318       9276.3389
       318000080001185          80         318       9276.3389
       318000080001623          80         318       9276.3389
       318000080001633          80         318       9276.3389
       318000080000573          80         318       9276.3389
       318000080000620          80         318       9276.3389
       318000080000026          80         318       711.38462
       318000080000630          80         318       8192.3226
       318000080000494          80         318       8192.3226
       319001751000026        1751         319       19411.919
       320003439000026        3439         320       12711.908
       321002141004819        2141         321       12711.908
       323007296000026        7296         323       5155.0000
       325010211000237       10211         325       7228.6061
       326013941000026       13941         326       7228.6061
       329004881000026        4881         329       13888.067
       329005947000026        5947         329       19411.919
       330000078014797          78         330       7228.6061
       331001637000026        1637         331       931.57143
       331001637001346        1637         331       9276.3389
       336000029014039          29         336       9276.3389
       336000029012981          29         336       4706.2000
       336000032000026          32         336       102.26667
       336000032001418          32         336       9276.3389
       336000032001422          32         336       9276.3389
       336000032001777          32         336       9276.3389
       336000032001787          32         336       9276.3389
       336000032002042          32         336       9276.3389
       336000032003216          32         336       9276.3389
       336000032000751          32         336       9276.3389
       336000032005882          32         336       33996.867
       336000032001431          32         336       33996.867
       336000787000026         787         336       19411.919
       336000787000059         787         336       12711.908
       336003630000026        3630         336       33996.867
       336003889000026        3889         336       52152.872
       336023948000026       23948         336       32805.351
       336023948000059       23948         336       9276.3389
       337017819000026       17819         337       13888.067
       337017819000070       17819         337       12711.908
       337018001000026       18001         337       19411.919
       338000062012033          62         338       9276.3389
       338000062010591          62         338       8192.3226
       339000080000026          80         339       367.09091
       339000080000616          80         339       12711.908
       339000080000600          80         339       12711.908
       339000080001080          80         339       12711.908
       340006507000026        6507         340       12711.908
       344000218000026         218         344       5155.0000
       345012259000026       12259         345       12711.908
       347003975000026        3975         347       13888.067
       348000056010408          56         348       12711.908
       348009907000026        9907         348       52152.872
       350000102008621         102         350       12711.908
       350000102008640         102         350       12711.908
       350000102008690         102         350       4706.2000
       350000102008359         102         350       931.57143
       350000105000026         105         350       367.09091
       350000105001268         105         350       9276.3389
       350000105001394         105         350       12711.908
       350000105001405         105         350       12711.908
       350000105001067         105         350       12711.908
       350000105001056         105         350       12711.908
       350000202000026         202         350       19411.919
       350000202000055         202         350       12711.908
       350000202000069         202         350       8192.3226
       350011223000026       11223         350       32805.351
       351014641000064       14641         351       33996.867
       352000444000026         444         352       13888.067
       352000444000103         444         352       12711.908
       353001995000026        1995         353       12711.908
       358005453000026        5453         358       33996.867
       359012408001230       12408         359       4090.1667
       359012408001401       12408         359       12711.908
       361000078002570          78         361       9276.3389
       361000078002484          78         361       4090.1667
       361010110000026       10110         361       7228.6061
       361031855000026       31855         361       7228.6061
       362000119008966         119         362       711.38462
       362000119009266         119         362       9276.3389
       362000119009239         119         362       12711.908
       362000119009251         119         362       12711.908
       363022183000026       22183         363       32805.351
       364000079000442          79         364       12711.908
       364000079001671          79         364       12711.908
       364000079000541          79         364       12711.908
       364000079001129          79         364       9276.3389
       364000079000750          79         364       9276.3389
       364000079000026          79         364       367.09091
       364026270000026       26270         364       19411.919
       365000427000026         427         365       7228.6061
       366000121001486         121         366       32805.351
       367000141009973         141         367       9276.3389
       367000141010431         141         367       9276.3389
       367000141012063         141         367       9276.3389
       367000141012084         141         367       12711.908
       367000141013945         141         367       9276.3389
       367000142034851         142         367       9276.3389
       367000142034831         142         367       12711.908
       367000142034842         142         367       12711.908
       367000142033379         142         367       23.947368
       367014417000026       14417         367       102.26667
       367014417001696       14417         367       8192.3226
       367014417001546       14417         367       12711.908
       367014417001549       14417         367       12711.908
       367014417001552       14417         367       12711.908
       367014417001682       14417         367       12711.908
       367014417002967       14417         367       12711.908
       367014417002787       14417         367       9276.3389
       367014417003124       14417         367       9276.3389
       367014417004993       14417         367       9276.3389
       367014417005572       14417         367       9276.3389
       367014417006708       14417         367       9276.3389
       367014417006730       14417         367       9276.3389
       367014417001698       14417         367       12711.908
       368000026000026          26         368       2273.4706
       368010548000026       10548         368       102.26667
       368010548001198       10548         368       8192.3226
       368010548002361       10548         368       9276.3389
       368010548002516       10548         368       9276.3389
       368010548001680       10548         368       12711.908
       368010548002527       10548         368       12711.908
       368010548002008       10548         368       12711.908
       368010548001220       10548         368       9276.3389
       368010548001205       10548         368       9276.3389
       368010548001699       10548         368       19411.919
       368010548001207       10548         368       33996.867
       373000156000381         156         373       33996.867
       373000156000251         156         373       12711.908
       373000156000026         156         373       931.57143
       374019282000026       19282         374       367.09091
       374019282000975       19282         374       12711.908
       374019282000979       19282         374       12711.908
       374019282000984       19282         374       12711.908
       374019282001401       19282         374       12711.908
       374019282002003       19282         374       12711.908
       374019282004453       19282         374       12711.908
       374019282000738       19282         374       12711.908
       374019282004736       19282         374       32805.351
       374019282001169       19282         374       32805.351
       374019282000742       19282         374       33996.867
       375004475000026        4475         375       33996.867
       375016448000026       16448         375       32805.351
       377000435000057         435         377       12711.908
       377000435000026         435         377       7228.6061
       378000377000026         377         378       7228.6061
       384008258000026        8258         384       102.26667
       384008258000747        8258         384       12711.908
       384008258000740        8258         384       12711.908
       384008258000760        8258         384       52152.872
       385000063000026          63         385       2273.4706
       388000049021334          49         388       8.3125000
       388000049023875          49         388       12711.908
       388000049023879          49         388       33996.867
       388000049023888          49         388       33996.867
       388009799101011        9799         388       33996.867
       388009799101020        9799         388       9276.3389
       388009799100971        9799         388       12711.908
       388009799100981        9799         388       12711.908
       388009799100998        9799         388       12711.908
       388009799101005        9799         388       12711.908
       388009799101007        9799         388       12711.908
       388009799097886        9799         388       8.3125000
       392000092000026          92         392       931.57143
       392000092000384          92         392       9276.3389
       392000092000390          92         392       9276.3389
       395000126000026         126         395       2273.4706
       395000531000026         531         395       7228.6061
       397000095000300          95         397       19411.919
       398000071006191          71         398       12711.908
       398000071010832          71         398       8192.3226
       398012861000026       12861         398       13888.067
       399000164000503         164         399       12711.908
       399000164000026         164         399       711.38462
       399000164000636         164         399       12711.908
       399000164000601         164         399       9276.3389
       399000164000716         164         399       9276.3389
       400001397000026        1397         400       33996.867
       400006784000026        6784         400       13888.067
       402000066000217          66         402       9276.3389
       402000066000026          66         402       2273.4706
       402019617000026       19617         402       7228.6061
       402019617000085       19617         402       12711.908
       407000569020561         569         407       12711.908
       407000569020439         569         407       33996.867
       407000569019104         569         407       23.947368
       407002756000026        2756         407       52152.872
       407006416000026        6416         407       33996.867
       408022169000026       22169         408       33996.867
       414012094000026       12094         414       7228.6061
       415000675000026         675         415       13888.067
       417008238000026        8238         417       9276.3389
       417008238000036        8238         417       9276.3389
       418000117000026         117         418       2273.4706
       420000033001325          33         420       9276.3389
       420000033001337          33         420       9276.3389
       420000033001474          33         420       9276.3389
       420000033003239          33         420       9276.3389
       420000033003250          33         420       12711.908
       420000033001312          33         420       12711.908
       422000106001611         106         422       12711.908
       422000106001620         106         422       12711.908
       422000106001474         106         422       12711.908
       422000106001822         106         422       12711.908
       422000106001768         106         422       33996.867
       422000106002333         106         422       9276.3389
       422000106001459         106         422       9276.3389
       422000106001466         106         422       9276.3389
       422000106001465         106         422       9276.3389
       422000106001756         106         422       4706.2000
       422000106000026         106         422       102.26667
       422000106001760         106         422       8192.3226
       422000106001464         106         422       8192.3226
       422008247000026        8247         422       32805.351
       423000125000439         125         423       12711.908
       423000125000339         125         423       12711.908
       423000125000435         125         423       8192.3226
       423000125000026         125         423       931.57143
       424004913000026        4913         424       9276.3389
       426000139000295         139         426       9276.3389
       426000139000026         139         426       931.57143
       426000139000268         139         426       12711.908
       427017604000026       17604         427       19411.919
       429019038000026       19038         429       52152.872
       430008533010492        8533         430       12711.908
       430008533009641        8533         430       9276.3389
       430008535001533        8535         430       9276.3389
       430008535002103        8535         430       9276.3389
       430008535004313        8535         430       9276.3389
       430008535000026        8535         430       102.26667
       430008535001742        8535         430       8192.3226
       430008535001536        8535         430       12711.908
       430008535001552        8535         430       12711.908
       430008535001559        8535         430       12711.908
       430008535002108        8535         430       12711.908
       430008535002319        8535         430       12711.908
       430008535002335        8535         430       12711.908
       430008535002902        8535         430       12711.908
       430008535002910        8535         430       12711.908
       430008535002935        8535         430       12711.908
       430008535003163        8535         430       12711.908
       430008535001529        8535         430       12711.908
       431000183030755         183         431       52152.872
       431000183022028         183         431       33996.867
       431000183026112         183         431       9276.3389
       431000183030729         183         431       9276.3389
       431024730000046       24730         431       9276.3389
       431024730000026       24730         431       33996.867
       433000102000026         102         433       5155.0000
       433013790011899       13790         433       33996.867
       433015370000034       15370         433       12711.908
       433015370000026       15370         433       9276.3389
       436000075025525          75         436       52152.872
       436000563000026         563         436       7228.6061
       437005148140525        5148         437       23.947368
       437005148142140        5148         437       9276.3389
       437005148142146        5148         437       9276.3389
       437005148143619        5148         437       9276.3389
       437005148141908        5148         437       12711.908
       437005148142261        5148         437       12711.908
       437005148142269        5148         437       12711.908
       437005148142400        5148         437       12711.908
       437005150000831        5150         437       12711.908
       437005150000902        5150         437       12711.908
       437005150001133        5150         437       12711.908
       437005150001147        5150         437       12711.908
       437005150001165        5150         437       12711.908
       437005150001395        5150         437       9276.3389
       437005150001657        5150         437       9276.3389
       437005150003417        5150         437       9276.3389
       437005150004009        5150         437       9276.3389
       437005150007631        5150         437       9276.3389
       437005150000835        5150         437       9276.3389
       437005150000026        5150         437       102.26667
       437005184000026        5184         437       931.57143
       438000127007005         127         438       9276.3389
       438000127004296         127         438       9276.3389
       438000127004310         127         438       9276.3389
       438000127002672         127         438       12711.908
       438000127003577         127         438       12711.908
       438000127003808         127         438       12711.908
       438000127002925         127         438       12711.908
       438000127002953         127         438       12711.908
       438000127003125         127         438       12711.908
       438000127004555         127         438       12711.908
       438000127005639         127         438       12711.908
       438000127003144         127         438       33996.867
       438000127002682         127         438       33996.867
       438025578000157       25578         438       12711.908
       438025578000206       25578         438       9276.3389
       438025578000026       25578         438       4090.1667
       440002450000026        2450         440       32805.351
       440024802000026       24802         440       13888.067
       449005945000026        5945         449       52152.872
       450002093000026        2093         450       7228.6061
       450004751000026        4751         450       33996.867
       452000471000026         471         452       13888.067
       454000109003228         109         454       33996.867
       454000109003212         109         454       12711.908
       454000109003254         109         454       12711.908
       454000109003263         109         454       12711.908
       454000109003236         109         454       12711.908
       454000109000026         109         454       8.3125000
       454000109003247         109         454       9276.3389
       457000414000125         414         457       9276.3389
       457000414000026         414         457       5155.0000
       457006913000063        6913         457       4090.1667
       458000123000026         123         458       2273.4706
       458000123000330         123         458       8192.3226
       458000123000256         123         458       8192.3226
       458000123000275         123         458       9276.3389
       458000123000312         123         458       12711.908
       459004078000026        4078         459       32805.351
       461006255000026        6255         461       33996.867
       461024647000026       24647         461       32805.351
       464001492002056        1492         464       33996.867
       464001492002387        1492         464       12711.908
       464001492002404        1492         464       12711.908
       464001492002065        1492         464       12711.908
       464001492002071        1492         464       12711.908
       464001492002072        1492         464       12711.908
       464001492002025        1492         464       12711.908
       464001492002027        1492         464       12711.908
       464001492002046        1492         464       12711.908
       464001492002370        1492         464       9276.3389
       464001492002377        1492         464       9276.3389
       464001492002413        1492         464       8192.3226
       464001492000026        1492         464       23.947368
       464003002000026        3002         464       19411.919
       465001981000026        1981         465       7228.6061
       465012256035021       12256         465       52152.872
       466001066000026        1066         466       13888.067
       467000098001661          98         467       33996.867
       467000098001638          98         467       12711.908
       467000098000026          98         467       102.26667
       467000098001087          98         467       9276.3389
       467000098001089          98         467       9276.3389
       467000098001626          98         467       9276.3389
       467000098001629          98         467       9276.3389
       467000098002807          98         467       9276.3389
       468001481002270        1481         468       9276.3389
       468001481002406        1481         468       9276.3389
       468001481002413        1481         468       9276.3389
       468001481002621        1481         468       9276.3389
       468001481002776        1481         468       9276.3389
       468001481000026        1481         468       23.947368
       468001481002260        1481         468       8192.3226
       468001481002419        1481         468       12711.908
       468001481002430        1481         468       12711.908
       468001481002618        1481         468       12711.908
       468001481002266        1481         468       12711.908
       468001481002970        1481         468       12711.908
       468001481002981        1481         468       12711.908
       468001481003144        1481         468       12711.908
       468001481003404        1481         468       12711.908
       468001481003416        1481         468       12711.908
       468001481003434        1481         468       12711.908
       468001481002781        1481         468       33996.867
       471000184004258         184         471       12711.908
       471000184003487         184         471       12711.908
       471000184003510         184         471       12711.908
       471000184003518         184         471       12711.908
       471000184003803         184         471       12711.908
       471000184003485         184         471       8192.3226
       471000184004041         184         471       8192.3226
       471000184000026         184         471       8.3125000
       471000184003814         184         471       9276.3389
       471000184003828         184         471       9276.3389
       471000221001214         221         471       9276.3389
       471000221001172         221         471       19411.919
       471000446000385         446         471       32805.351
       471006076000026        6076         471       12711.908
       478003929000026        3929         478       931.57143
       478003929000188        3929         478       4706.2000
       479000136000344         136         479       5155.0000
       479002346029147        2346         479       19411.919
       481000095007006          95         481       12711.908
       485008927000099        8927         485       32805.351
       486000114000350         114         486       12711.908
       486000114000026         114         486       931.57143
       486000114000231         114         486       9276.3389
       486000114000265         114         486       9276.3389
       486017550000026       17550         486       52152.872
       488002947000026        2947         488       8192.3226
       489000127000026         127         489       931.57143
       489000127000525         127         489       12711.908
       489000127000692         127         489       12711.908
       489000127001131         127         489       12711.908
       489002989000026        2989         489       52152.872
       491007201000026        7201         491       52152.872
       492000214000026         214         492       4090.1667
       492000214000194         214         492       9276.3389
       495000173000507         173         495       7228.6061
       497000104000026         104         497       4090.1667
       497003425042177        3425         497       23.947368
       497003425044012        3425         497       8192.3226
       497003425044033        3425         497       9276.3389
       497003425043913        3425         497       9276.3389
       497003425043992        3425         497       9276.3389
       497003425043997        3425         497       9276.3389
       497003425044003        3425         497       9276.3389
       497003425044352        3425         497       9276.3389
       497003425044649        3425         497       9276.3389
       497003425043655        3425         497       9276.3389
       497003425043901        3425         497       33996.867
       497003425043678        3425         497       33996.867
       497003425043664        3425         497       33996.867
       497003425043654        3425         497       12711.908
       497003425044156        3425         497       12711.908
       497003425044163        3425         497       12711.908
       497003776000026        3776         497       5155.0000
       498000151010540         151         498       9276.3389
       498000151010560         151         498       9276.3389
       498000151013137         151         498       9276.3389
       500013362000625       13362         500       9276.3389
       500013362000869       13362         500       8192.3226
       500013362000886       13362         500       8192.3226
       500013362000026       13362         500       367.09091
       500013362000716       13362         500       12711.908
       500013362000632       13362         500       33996.867
       503001801000026        1801         503       19411.919
       503022487000026       22487         503       8.3125000
       503022487003356       22487         503       8192.3226
       503022487003357       22487         503       9276.3389
       503022487003361       22487         503       9276.3389
       503022487003367       22487         503       9276.3389
       503022487003378       22487         503       9276.3389
       503022487003382       22487         503       9276.3389
       503024724000026       24724         503       52152.872
       510001492000026        1492         510       19411.919
