        1198
               9000028           9           0       175.17647
               9000512           9           0       9272.4695
               9000848           9           0       9272.4695
               9001399           9           0       9272.4695
               9001840           9           0       9272.4695
               9002783           9           0       9272.4695
               9000517           9           0       12302.351
               9001114           9           0       12302.351
               9000547           9           0       12302.351
               9001829           9           0       34336.402
              13013791          13           0       12302.351
           25549001486       25549           0       12302.351
           25549001943       25549           0       12302.351
           25549001635       25549           0       12302.351
           25549001971       25549           0       12302.351
           25549001953       25549           0       34336.402
           25549001497       25549           0       34336.402
           25549001798       25549           0       34336.402
           25549001646       25549           0       9272.4695
           25549002388       25549           0       9272.4695
           25549002381       25549           0       9497.1897
           25549001418       25549           0       9272.4695
           25549001417       25549           0       9272.4695
           25549000028       25549           0       52.052632
         1000052000028          52           1       1586.0476
         1000052000221          52           1       9272.4695
         1000257000028         257           1       7076.4062
         1000975000028         975           1       12936.258
         2000004000028           4           2       4782.3462
         2005581000028        5581           2       34336.402
         8012934013515       12934           8       12302.351
         8012934015517       12934           8       7076.4062
         8012934013498       12934           8       9272.4695
         8012934017098       12934           8       9272.4695
         9019516002553       19516           9       39640.373
        10020431000028       20431          10       34336.402
        10020431000045       20431          10       12302.351
        13000921000028         921          13       30668.462
        14011166000028       11166          14       12936.258
        16000015000657          15          16       12302.351
        16000015000666          15          16       12302.351
        16000015000028          15          16       559.53846
        17000039032801          39          17       18963.405
        17016679000028       16679          17       39640.373
        18001174000838        1174          18       34336.402
        18001174000283        1174          18       12302.351
        18001174000028        1174          18       867.78947
        18001174004999        1174          18       9272.4695
        18001381000028        1381          18       4775.7857
        18001381000127        1381          18       9272.4695
        18002664000185        2664          18       12936.258
        21004871000028        4871          21       34336.402
        23003332001483        3332          23       34336.402
        23003332002328        3332          23       12302.351
        23003332002335        3332          23       12302.351
        23003332001421        3332          23       12302.351
        23003332005493        3332          23       9272.4695
        23003332008053        3332          23       9272.4695
        23003332000028        3332          23       27.700000
        23003332001415        3332          23       9272.4695
        23003332001773        3332          23       9272.4695
        23003332001779        3332          23       9272.4695
        23003332001926        3332          23       9272.4695
        23003332002345        3332          23       9272.4695
        23003332002367        3332          23       9272.4695
        23003332002738        3332          23       9272.4695
        23003332002933        3332          23       9272.4695
        23003332002950        3332          23       9497.1897
        24020065000028       20065          24       9272.4695
        25000001000028           1          25       1586.0476
        25000001000238           1          25       12302.351
        25000001000793           1          25       12302.351
        25000001001504           1          25       34336.402
        26000145000087         145          26       12302.351
        26000145000028         145          26       7076.4062
        26009787000028        9787          26       18963.405
        26010013000028       10013          26       18963.405
        27000775000028         775          27       30668.462
        30005240000028        5240          30       30668.462
        34014702000028       14702          34       12302.351
        35001412000028        1412          35       34336.402
        38014451013540       14451          38       12302.351
        38014451013582       14451          38       9272.4695
        38014451007904       14451          38       9272.4695
        38015000000028       15000          38       12936.258
        38020712000028       20712          38       12302.351
        41009999000785        9999          41       1586.0476
        41010305000028       10305          41       4782.3462
        42000949000028         949          42       39640.373
        42016364000028       16364          42       9272.4695
        46007353000028        7353          46       39640.373
        47004345000028        4345          47       39640.373
        48000183000028         183          48       7076.4062
        48015885000028       15885          48       30668.462
        49000070000028          70          49       867.78947
        49000070000313          70          49       9272.4695
        49000070000828          70          49       9272.4695
        49011763000649       11763          49       9272.4695
        49011763000028       11763          49       559.53846
        50000374000028         374          50       12936.258
        55016585003750       16585          55       4782.3462
        58000120000028         120          58       1586.0476
        58000120000191         120          58       9272.4695
        58000120000226         120          58       9272.4695
        58000120000232         120          58       12302.351
        59007363000028        7363          59       34336.402
        63012040000028       12040          63       7076.4062
        65000538000063         538          65       9272.4695
        65000538000028         538          65       12936.258
        66004822000028        4822          66       34336.402
        68000005014155           5          68       34336.402
        68000005014132           5          68       34336.402
        68000005014576           5          68       39640.373
        68000005014868           5          68       12302.351
        68000005014566           5          68       12302.351
        68000005014146           5          68       12302.351
        68000005014123           5          68       12302.351
        68000005014131           5          68       9272.4695
        68000005014559           5          68       9272.4695
        68000005014850           5          68       9272.4695
        68000005014863           5          68       9272.4695
        68000005012892           5          68       27.700000
        68006542000028        6542          68       12302.351
        68010118004098       10118          68       12302.351
        68010118001869       10118          68       12302.351
        68010118001888       10118          68       12302.351
        68010118002172       10118          68       12302.351
        68010118002437       10118          68       12302.351
        68010118002729       10118          68       12302.351
        68010118001414       10118          68       12302.351
        68010118001424       10118          68       12302.351
        68010118000903       10118          68       39640.373
        68010118000785       10118          68       34336.402
        68010118000028       10118          68       52.052632
        68010118000784       10118          68       9272.4695
        68010118002740       10118          68       9272.4695
        68010118000901       10118          68       9497.1897
        68010118001657       10118          68       9497.1897
        70015595000028       15595          70       4782.3462
        72011421000028       11421          72       9272.4695
        73001873000028        1873          73       39640.373
        73014248001070       14248          73       12302.351
        73014248001096       14248          73       12302.351
        73014248000433       14248          73       12302.351
        73014248000474       14248          73       12302.351
        73014248000697       14248          73       9272.4695
        73014248000868       14248          73       9272.4695
        73014248000028       14248          73       867.78947
        73015704000051       15704          73       9272.4695
        73015704000028       15704          73       30668.462
        74004911007682        4911          74       12302.351
        74004911009646        4911          74       9272.4695
        76000028000978          28          76       9272.4695
        76000028001464          28          76       9272.4695
        76000028001511          28          76       9272.4695
        76000028000555          28          76       9272.4695
        76000028001813          28          76       9497.1897
        76000028000028          28          76       175.17647
        76000028000564          28          76       12302.351
        76000028000711          28          76       12302.351
        76000028000966          28          76       12302.351
        76000028003535          28          76       12302.351
        76000028000985          28          76       12302.351
        76000028001360          28          76       12302.351
        76000033001073          33          76       12302.351
        76000033002232          33          76       12302.351
        76000033001054          33          76       12302.351
        76000033001084          33          76       34336.402
        76000033000970          33          76       34336.402
        76000033000028          33          76       175.17647
        76000033000826          33          76       9272.4695
        76000033001747          33          76       9272.4695
        76000033000962          33          76       9272.4695
        76000033001064          33          76       9272.4695
        76000691000028         691          76       18963.405
        77000110000507         110          77       12302.351
        77000110000534         110          77       12302.351
        77000110000495         110          77       9272.4695
        77000110000028         110          77       559.53846
        77000110000450         110          77       9497.1897
        79001550000028        1550          79       30668.462
        80016309000069       16309          80       4782.3462
        83019782000028       19782          83       7076.4062
        85000227000337         227          85       39640.373
        85020382000028       20382          85       39640.373
        88005232000028        5232          88       18963.405
        89003400007666        3400          89       12302.351
        90000079010083          79          90       4775.7857
        90001127014218        1127          90       9272.4695
        92001014000028        1014          92       12936.258
        92003802000028        3802          92       30668.462
        93000108014891         108          93       9272.4695
        94003051000028        3051          94       39640.373
        96000017001709          17          96       12302.351
        96000017001717          17          96       12302.351
        96000017001854          17          96       12302.351
        96000017001471          17          96       12302.351
        96000017001600          17          96       9272.4695
        96000017001702          17          96       9272.4695
        96000017001468          17          96       9272.4695
        96000017000028          17          96       52.052632
        96017363000028       17363          96       12302.351
        97000061000567          61          97       12302.351
        97000061000325          61          97       12302.351
        97000061000318          61          97       12302.351
        97000061000637          61          97       12302.351
        97000061005206          61          97       34336.402
        97000061000342          61          97       9272.4695
        97000061000626          61          97       9272.4695
        97000061000704          61          97       9272.4695
        97018899000917       18899          97       9272.4695
        97018899000927       18899          97       9272.4695
        97018899000929       18899          97       9272.4695
        97018899000930       18899          97       9272.4695
        97018899001955       18899          97       9272.4695
        97018899001965       18899          97       9272.4695
        97018899000122       18899          97       52.052632
        97018899000916       18899          97       9497.1897
        97018899001969       18899          97       34336.402
        97018899001586       18899          97       34336.402
        97018899001591       18899          97       12302.351
        97018899001604       18899          97       12302.351
        97018899000933       18899          97       12302.351
        97018899001576       18899          97       12302.351
        97019429000028       19429          97       18963.405
        97019429000061       19429          97       9272.4695
       102004797000028        4797         102       12302.351
       103000102014723         102         103       9497.1897
       104019766097702       19766         104       9497.1897
       104019766012330       19766         104       9272.4695
       104019766097671       19766         104       9272.4695
       104019766097000       19766         104       175.17647
       104019766097616       19766         104       12302.351
       104019766097607       19766         104       12302.351
       104019766012356       19766         104       12302.351
       104019766097877       19766         104       12302.351
       104019766098279       19766         104       12302.351
       104019766098306       19766         104       12302.351
       104019766097687       19766         104       12302.351
       105006737000952        6737         105       12302.351
       105006737000960        6737         105       12302.351
       105006737001138        6737         105       12302.351
       105006737002241        6737         105       34336.402
       105006737000961        6737         105       34336.402
       105006737000028        6737         105       52.052632
       105006737002203        6737         105       9272.4695
       105006737002270        6737         105       9272.4695
       105006737002200        6737         105       9497.1897
       105006737002228        6737         105       9497.1897
       108003429001312        3429         108       9497.1897
       108003429001333        3429         108       9497.1897
       108003429001980        3429         108       9497.1897
       108003429001557        3429         108       9272.4695
       108003429001575        3429         108       9272.4695
       108003429001313        3429         108       9272.4695
       108003429002652        3429         108       9272.4695
       108003429001926        3429         108       9272.4695
       108003429001989        3429         108       9272.4695
       108003429001994        3429         108       9272.4695
       108003429001999        3429         108       9272.4695
       108003429001308        3429         108       9272.4695
       108003429000028        3429         108       27.700000
       108003429001580        3429         108       34336.402
       108003429001340        3429         108       34336.402
       108003429002020        3429         108       30668.462
       108003429001335        3429         108       12302.351
       108003429001322        3429         108       12302.351
       108003429001565        3429         108       12302.351
       108003429001552        3429         108       12302.351
       108003429001598        3429         108       12302.351
       108003429001611        3429         108       12302.351
       108003429001963        3429         108       12302.351
       108003429001623        3429         108       12302.351
       108003429001914        3429         108       12302.351
       108003429002677        3429         108       12302.351
       108003429003331        3429         108       12302.351
       108003429003365        3429         108       12302.351
       108003429003378        3429         108       12302.351
       108003429003641        3429         108       12302.351
       108010732000028       10732         108       9272.4695
       109019095000143       19095         109       9272.4695
       109019095000150       19095         109       9272.4695
       109019095000178       19095         109       9272.4695
       109019095000028       19095         109       1586.0476
       109019267008722       19267         109       4782.3462
       109019267008792       19267         109       12302.351
       109022047000028       22047         109       39640.373
       110010624000330       10624         110       7076.4062
       110010624000373       10624         110       9497.1897
       112000015000028          15         112       559.53846
       113000057000028          57         113       27.700000
       113000057001703          57         113       9272.4695
       113000057001687          57         113       12302.351
       113000057001691          57         113       12302.351
       113000057001702          57         113       12302.351
       113000057002089          57         113       12302.351
       116010328000028       10328         116       867.78947
       116010925000074       10925         116       9272.4695
       116010925000028       10925         116       30668.462
       117000136000103         136         117       9272.4695
       117000136000110         136         117       9272.4695
       117000136000028         136         117       4782.3462
       117000359000060         359         117       9272.4695
       117000359000028         359         117       12936.258
       117000587000028         587         117       18963.405
       117000587000052         587         117       12302.351
       120009000000028        9000         120       39640.373
       122000119000156         119         122       12302.351
       122000119000165         119         122       9497.1897
       122000119000028         119         122       1586.0476
       124009595000028        9595         124       559.53846
       124009595000488        9595         124       9497.1897
       125010341000028       10341         125       1586.0476
       126000089003314          89         126       12302.351
       126000089002701          89         126       12302.351
       126000089002703          89         126       12302.351
       126000089002717          89         126       34336.402
       126003740002536        3740         126       34336.402
       126003740001254        3740         126       9497.1897
       126003740001371        3740         126       12302.351
       126003740001918        3740         126       12302.351
       126003740001934        3740         126       12302.351
       126003740001955        3740         126       12302.351
       126003740000028        3740         126       52.052632
       126003740002503        3740         126       7322.2857
       126003740001982        3740         126       9272.4695
       126003740002492        3740         126       9272.4695
       126003740002176        3740         126       9497.1897
       127000226000028         226         127       4782.3462
       127000226000066         226         127       34336.402
       127019052000028       19052         127       39640.373
       128000001001131           1         128       12302.351
       128000001001113           1         128       12302.351
       128000001001372           1         128       12302.351
       128000001001151           1         128       12302.351
       128000001001405           1         128       12302.351
       128000001001416           1         128       12302.351
       128000001001122           1         128       9272.4695
       128000001001142           1         128       9272.4695
       128000001001366           1         128       9272.4695
       128000001001395           1         128       9272.4695
       128008178002842        8178         128       12302.351
       128008178002870        8178         128       12302.351
       128008178003081        8178         128       12302.351
       128008178003127        8178         128       12302.351
       128008178003131        8178         128       34336.402
       128008178002858        8178         128       34336.402
       128008180001434        8180         128       34336.402
       128008180001210        8180         128       12302.351
       128008180000731        8180         128       12302.351
       128008180001020        8180         128       12302.351
       128008180001696        8180         128       12302.351
       128008180001728        8180         128       12302.351
       128008180002171        8180         128       12302.351
       128008180002561        8180         128       9272.4695
       128008180001202        8180         128       9272.4695
       128008180000028        8180         128       175.17647
       128008192003547        8192         128       12936.258
       128010707000028       10707         128       30668.462
       130004156000028        4156         130       7076.4062
       131004516000028        4516         131       18963.405
       131026309021694       26309         131       34336.402
       131026309021243       26309         131       12302.351
       131026309021261       26309         131       12302.351
       131026309021267       26309         131       12302.351
       131026309021279       26309         131       9272.4695
       131026309021445       26309         131       9272.4695
       131026309021681       26309         131       9272.4695
       131026309021239       26309         131       9272.4695
       131026309021241       26309         131       9272.4695
       131026309020074       26309         131       52.052632
       131026309021688       26309         131       9497.1897
       131026309021255       26309         131       9497.1897
       135009308000028        9308         135       34336.402
       136000156000028         156         136       18963.405
       136000322000028         322         136       18963.405
       137000208000028         208         137       18963.405
       137000208000058         208         137       12302.351
       138001690000045        1690         138       12302.351
       138001690000028        1690         138       39640.373
       138004547000028        4547         138       34336.402
       144011679000028       11679         144       30668.462
       147012364000163       12364         147       12302.351
       147012364000028       12364         147       4775.7857
       150000319000028         319         150       4782.3462
       151004083000048        4083         151       9272.4695
       151004083000028        4083         151       34336.402
       152019645000028       19645         152       7076.4062
       153017226000028       17226         153       30668.462
       154000061000028          61         154       27.700000
       154000061000712          61         154       9272.4695
       154000061000723          61         154       9272.4695
       154000061001820          61         154       9272.4695
       154000061001854          61         154       9272.4695
       154000061001292          61         154       9272.4695
       154000061001347          61         154       39640.373
       154000061001800          61         154       9497.1897
       154000061001812          61         154       12302.351
       154000061001783          61         154       12302.351
       154000061001301          61         154       12302.351
       154000061001319          61         154       12302.351
       154000061001325          61         154       12302.351
       154000061001825          61         154       12302.351
       154000061000724          61         154       12302.351
       154000061001261          61         154       12302.351
       154000061001277          61         154       12302.351
       154000061001279          61         154       12302.351
       154000427000028         427         154       12936.258
       155000302000028         302         155       12936.258
       156009180000289        9180         156       39640.373
       156009180000255        9180         156       9272.4695
       156009180000260        9180         156       9272.4695
       156009180000270        9180         156       9272.4695
       156009180000328        9180         156       9272.4695
       156009180000028        9180         156       867.78947
       159016379000028       16379         159       867.78947
       159016379000833       16379         159       34336.402
       159016379000365       16379         159       12302.351
       159016379000474       16379         159       12302.351
       162001109000028        1109         162       30668.462
       163016547000028       16547         163       4782.3462
       165012340012049       12340         165       9272.4695
       165012340012070       12340         165       9272.4695
       166010883000028       10883         166       34336.402
       170000066006170          66         170       12302.351
       170000066006190          66         170       12302.351
       173000087000154          87         173       34336.402
       173000087000028          87         173       1586.0476
       173000087000207          87         173       9497.1897
       178000279000080         279         178       9272.4695
       178000279000028         279         178       7076.4062
       178015214000375       15214         178       18963.405
       180023281000442       23281         180       12936.258
       181000132000270         132         181       9272.4695
       181000132000028         132         181       4775.7857
       181014952000028       14952         181       12302.351
       182018894000028       18894         182       18963.405
       183011270000028       11270         183       1586.0476
       183011270000512       11270         183       9272.4695
       183011385000028       11385         183       7076.4062
       183011385000127       11385         183       12302.351
       184012911000028       12911         184       18963.405
       186000252000028         252         186       4782.3462
       186000254000185         254         186       12936.258
       187013469000028       13469         187       4782.3462
       188000105000215         105         188       4782.3462
       190000054007863          54         190       9272.4695
       190000054012800          54         190       9272.4695
       190000054006796          54         190       9497.1897
       190000054007164          54         190       12302.351
       190004192000480        4192         190       34336.402
       190006454000028        6454         190       39640.373
       190006949000028        6949         190       30668.462
       191000120006087         120         191       30668.462
       191000120007103         120         191       30668.462
       191000120006577         120         191       34336.402
       191000120005946         120         191       34336.402
       191000120005930         120         191       12302.351
       191000120006277         120         191       9497.1897
       191000120006537         120         191       12302.351
       191000120006552         120         191       12302.351
       191000120007087         120         191       12302.351
       191000120006264         120         191       12302.351
       191000120006590         120         191       12302.351
       191000120006603         120         191       9272.4695
       191000120006544         120         191       9272.4695
       191000120006074         120         191       9272.4695
       191000120006079         120         191       9272.4695
       191000120005052         120         191       175.17647
       191000130000028         130         191       867.78947
       191000130000820         130         191       9272.4695
       191000130001164         130         191       9272.4695
       191000130001526         130         191       12302.351
       191000130000650         130         191       12302.351
       192001741000050        1741         192       9272.4695
       192001741000028        1741         192       39640.373
       194000045001163          45         194       30668.462
       194000045001396          45         194       12302.351
       194000045001399          45         194       12302.351
       194000045002395          45         194       12302.351
       194007577000028        7577         194       12302.351
       194019443006632       19443         194       18963.405
       195008830000028        8830         195       7076.4062
       197000044022895          44         197       34336.402
       200000071001402          71         200       34336.402
       200000071001693          71         200       30668.462
       200000071000590          71         200       12302.351
       200000071000587          71         200       12302.351
       200000071000586          71         200       12302.351
       200000071000028          71         200       175.17647
       200000071000705          71         200       9272.4695
       200000071000708          71         200       12302.351
       200000071002108          71         200       12302.351
       200000071001417          71         200       12302.351
       200000071001444          71         200       12302.351
       200000071001664          71         200       12302.351
       200000071000601          71         200       9497.1897
       202015315001331       15315         202       9497.1897
       202015315002947       15315         202       12302.351
       202015315003093       15315         202       12302.351
       202015315001408       15315         202       12302.351
       202015315002617       15315         202       12302.351
       202015315001334       15315         202       9272.4695
       202015315001328       15315         202       9272.4695
       202015315002926       15315         202       9272.4695
       202015315003219       15315         202       9272.4695
       202015315000390       15315         202       52.052632
       202015315001402       15315         202       9497.1897
       202015315002914       15315         202       34336.402
       202015315002932       15315         202       34336.402
       203000535000028         535         203       18963.405
       203013897000028       13897         203       30668.462
       204000028018385          28         204       34336.402
       204000028018279          28         204       12302.351
       204000028017674          28         204       175.17647
       204000028018380          28         204       9272.4695
       204000028018362          28         204       12302.351
       204000028018368          28         204       12302.351
       204011663010742       11663         204       9272.4695
       204011663010782       11663         204       9272.4695
       206002332000028        2332         206       39640.373
       207012988000028       12988         207       9272.4695
       208008478000028        8478         208       34336.402
       210000070005149          70         210       9272.4695
       210000070006011          70         210       9272.4695
       210000070006596          70         210       9272.4695
       211008907038923        8907         211       9272.4695
       211008910006436        8910         211       9272.4695
       213002417000028        2417         213       39640.373
       213014665000028       14665         213       867.78947
       213014665000226       14665         213       12302.351
       213014665000371       14665         213       12302.351
       216005617000028        5617         216       4782.3462
       217004872000028        4872         217       12936.258
       218005495019426        5495         218       39640.373
       219000134001711         134         219       34336.402
       219000134001084         134         219       12302.351
       219000134001080         134         219       12302.351
       219000134000028         134         219       52.052632
       219000134001293         134         219       9272.4695
       219000134003027         134         219       9272.4695
       219000134001283         134         219       9497.1897
       219000134001288         134         219       9497.1897
       219000134001517         134         219       12302.351
       219000134001274         134         219       12302.351
       219000134002591         134         219       12302.351
       219000134002600         134         219       12302.351
       219000134002612         134         219       12302.351
       219000134002991         134         219       12302.351
       219000727000028         727         219       12936.258
       219000824000160         824         219       12936.258
       219002361000028        2361         219       39640.373
       219002361000077        2361         219       9272.4695
       220009333000834        9333         220       9272.4695
       220009333000634        9333         220       9272.4695
       220009333000028        9333         220       175.17647
       220009333000637        9333         220       12302.351
       220009333000774        9333         220       12302.351
       220009333001171        9333         220       12302.351
       221000159000866         159         221       12302.351
       221000159001681         159         221       12302.351
       221000159001710         159         221       12302.351
       221000159001722         159         221       12302.351
       221000159001994         159         221       12302.351
       221000159000028         159         221       52.052632
       221000159002001         159         221       9272.4695
       221000159002639         159         221       9272.4695
       221000159002656         159         221       9272.4695
       221000159000864         159         221       9272.4695
       221000159001697         159         221       34336.402
       222003932000425        3932         222       12302.351
       222003932000028        3932         222       559.53846
       222003932000417        3932         222       12302.351
       222003932000486        3932         222       12302.351
       222003932000652        3932         222       12302.351
       223000217000356         217         223       9497.1897
       223000217000369         217         223       12302.351
       223000217000028         217         223       867.78947
       223000217000320         217         223       9272.4695
       223000217000359         217         223       34336.402
       223000407000028         407         223       7076.4062
       225000100000028         100         225       867.78947
       225000100001223         100         225       12302.351
       226000079002172          79         226       12302.351
       226000079002162          79         226       12302.351
       226000079002319          79         226       12302.351
       226000079002325          79         226       12302.351
       226000079002340          79         226       12302.351
       226000079002337          79         226       9497.1897
       226000079002000          79         226       9272.4695
       226000079001998          79         226       9272.4695
       226000079000028          79         226       27.700000
       226000079002333          79         226       9272.4695
       226000079002177          79         226       7322.2857
       226000079002180          79         226       9272.4695
       226000079002167          79         226       9272.4695
       226000079002187          79         226       34336.402
       226000079002009          79         226       34336.402
       226000079002024          79         226       12302.351
       226000079002001          79         226       12302.351
       228004994003653        4994         228       34336.402
       228004994003179        4994         228       7322.2857
       228004994003169        4994         228       9272.4695
       228004994003171        4994         228       9272.4695
       228004994003620        4994         228       9272.4695
       228004994003629        4994         228       9272.4695
       228004994003642        4994         228       12302.351
       228004994003205        4994         228       12302.351
       228004994003599        4994         228       12302.351
       228006355000028        6355         228       30668.462
       229008050000028        8050         229       12302.351
       232003740000028        3740         232       39640.373
       233002633000028        2633         233       30668.462
       234000135000028         135         234       4775.7857
       234000853000028         853         234       30668.462
       234006605000028        6605         234       34336.402
       234018002000028       18002         234       39640.373
       238000085001401          85         238       18963.405
       238000085001428          85         238       9272.4695
       240011812001324       11812         240       9272.4695
       240011812000705       11812         240       9272.4695
       240011812000028       11812         240       175.17647
       240011812000925       11812         240       12302.351
       240011812000983       11812         240       12302.351
       240011812001076       11812         240       12302.351
       240011812001085       11812         240       12302.351
       240011812001315       11812         240       12302.351
       240011812001471       11812         240       12302.351
       240011812000710       11812         240       12302.351
       240012607000028       12607         240       30668.462
       242009481000028        9481         242       7076.4062
       242014218000028       14218         242       12302.351
       245000192000028         192         245       559.53846
       245008675000028        8675         245       9272.4695
       247000358000028         358         247       4775.7857
       247000358000179         358         247       12302.351
       248018571000028       18571         248       12936.258
       248018847000028       18847         248       18963.405
       250000910000028         910         250       30668.462
       250000910000047         910         250       9497.1897
       252015208000028       15208         252       34336.402
       255000268000028         268         255       4775.7857
       256000196000028         196         256       4782.3462
       256000196000143         196         256       9272.4695
       256000196000189         196         256       9272.4695
       256000196000224         196         256       9272.4695
       257000037006750          37         257       12936.258
       257000167000028         167         257       4782.3462
       263002624000028        2624         263       18963.405
       263003057000028        3057         263       30668.462
       263003926002985        3926         263       34336.402
       263003926002553        3926         263       34336.402
       263003926002970        3926         263       12302.351
       263003926002974        3926         263       9272.4695
       263003926002981        3926         263       9272.4695
       263003926002527        3926         263       9272.4695
       263022684000028       22684         263       1586.0476
       264011497004133       11497         264       9272.4695
       264011497001461       11497         264       12302.351
       264011497003447       11497         264       12302.351
       264011497003786       11497         264       12302.351
       264011497003807       11497         264       12302.351
       264011497003847       11497         264       34336.402
       264011497003081       11497         264       39640.373
       268001955000028        1955         268       12936.258
       268001955000075        1955         268       9272.4695
       272000167000028         167         272       7076.4062
       272011771000028       11771         272       39640.373
       272011771000068       11771         272       12302.351
       273013172000103       13172         273       12302.351
       273013172000116       13172         273       12302.351
       273013172000028       13172         273       4775.7857
       277001178000028        1178         277       30668.462
       282000425000028         425         282       39640.373
       282000569000028         569         282       30668.462
       282004951001107        4951         282       34336.402
       282004951001098        4951         282       12302.351
       282004951000946        4951         282       12302.351
       282004951000028        4951         282       559.53846
       282004951001091        4951         282       9272.4695
       282005260000028        5260         282       18963.405
       285009007000028        9007         285       39640.373
       286000342000028         342         286       12936.258
       286010022000028       10022         286       34336.402
       290000088000137          88         290       12302.351
       290000088000028          88         290       1586.0476
       290000092001777          92         290       4775.7857
       291002851005005        2851         291       1586.0476
       291002851003431        2851         291       175.17647
       291002851004270        2851         291       7322.2857
       291002851004253        2851         291       12302.351
       292000052000074          52         292       12302.351
       292000052000028          52         292       4782.3462
       292002060010895        2060         292       12302.351
       292002062001588        2062         292       12302.351
       292002062002337        2062         292       12302.351
       292002062002692        2062         292       12302.351
       292002062000977        2062         292       12302.351
       292002062000990        2062         292       12302.351
       292002062001007        2062         292       12302.351
       292002062001065        2062         292       12302.351
       292002062001077        2062         292       12302.351
       292002062001164        2062         292       12302.351
       292002062002805        2062         292       34336.402
       292002062001030        2062         292       39640.373
       292002062000028        2062         292       52.052632
       292002062000971        2062         292       9272.4695
       292002062001178        2062         292       9272.4695
       292002159000028        2159         292       4775.7857
       292002159000141        2159         292       12302.351
       296001227000028        1227         296       12302.351
       296003841035770        3841         296       12302.351
       296003841035780        3841         296       12302.351
       296003841036750        3841         296       12302.351
       296003841036754        3841         296       12302.351
       296003841035949        3841         296       12302.351
       296003841036467        3841         296       12302.351
       296003841036476        3841         296       12302.351
       296003841036506        3841         296       12302.351
       296003841036769        3841         296       34336.402
       296003841034050        3841         296       27.700000
       296003841035784        3841         296       9272.4695
       296003841035792        3841         296       9272.4695
       296003841036746        3841         296       9272.4695
       297000477000028         477         297       7076.4062
       297021668000104       21668         297       867.78947
       300003901000028        3901         300       7076.4062
       300005272000028        5272         300       30668.462
       303002259000028        2259         303       12302.351
       304000043002156          43         304       12302.351
       304000043000277          43         304       12302.351
       304000043000407          43         304       12302.351
       304000043000413          43         304       7322.2857
       304000043000028          43         304       867.78947
       304000043000527          43         304       9272.4695
       307007969000028        7969         307       12302.351
       308002535000028        2535         308       12936.258
       309000110003287         110         309       34336.402
       309000110002491         110         309       34336.402
       309000110002882         110         309       39640.373
       309000110002480         110         309       12302.351
       309000110003253         110         309       12302.351
       309000110002874         110         309       12302.351
       309000110002505         110         309       12302.351
       309000110003234         110         309       9272.4695
       309000110003245         110         309       9272.4695
       309000110003273         110         309       9272.4695
       309000110003279         110         309       9272.4695
       309000110002489         110         309       9272.4695
       309000110002864         110         309       9272.4695
       309000110000294         110         309       27.700000
       309001295000028        1295         309       4775.7857
       314000407000028         407         314       12936.258
       314000883000028         883         314       18963.405
       314001893000028        1893         314       39640.373
       314012995000835       12995         314       34336.402
       314012995001722       12995         314       12302.351
       314012995000028       12995         314       559.53846
       314012995001972       12995         314       9272.4695
       314012995001986       12995         314       9272.4695
       314012995002433       12995         314       9497.1897
       314012995000393       12995         314       9497.1897
       316017236000028       17236         316       34336.402
       318000080007369          80         318       39640.373
       318000080000575          80         318       12302.351
       318000080000622          80         318       9272.4695
       318000080000738          80         318       9272.4695
       318000080001135          80         318       9272.4695
       318000080001187          80         318       9272.4695
       318000080000028          80         318       559.53846
       319001751000028        1751         319       18963.405
       320003391000028        3391         320       39640.373
       320003439000028        3439         320       34336.402
       323007296000028        7296         323       12936.258
       325010211000239       10211         325       7076.4062
       326013941000028       13941         326       7076.4062
       329004881000028        4881         329       12936.258
       329005947000028        5947         329       30668.462
       329005947000051        5947         329       9272.4695
       330000078014799          78         330       18963.405
       331001637001348        1637         331       12302.351
       331001637000376        1637         331       9272.4695
       331001637000380        1637         331       9272.4695
       331001637000028        1637         331       867.78947
       336000032001779          32         336       9272.4695
       336000032001789          32         336       9272.4695
       336000032002044          32         336       9272.4695
       336000032003218          32         336       9272.4695
       336000032000637          32         336       12302.351
       336000032000753          32         336       12302.351
       336000032001420          32         336       12302.351
       336000032001424          32         336       12302.351
       336000032005884          32         336       34336.402
       336000032001433          32         336       39640.373
       336000032000650          32         336       39640.373
       336000787000028         787         336       18963.405
       336003630000028        3630         336       34336.402
       336003889000028        3889         336       34336.402
       336023948000028       23948         336       39640.373
       337017819000072       17819         337       9272.4695
       337017819000028       17819         337       7076.4062
       337018001000028       18001         337       18963.405
       339000080000517          80         339       12302.351
       339000080000618          80         339       12302.351
       339000080000028          80         339       175.17647
       339000080000602          80         339       9272.4695
       340006507000028        6507         340       9272.4695
       344000218000028         218         344       7076.4062
       345012259000028       12259         345       12302.351
       347003975000028        3975         347       12936.258
       347003975000052        3975         347       9272.4695
       348000056010410          56         348       9272.4695
       348009907000028        9907         348       39640.373
       350000102008623         102         350       12302.351
       350000102008642         102         350       12302.351
       350000102008361         102         350       867.78947
       350000105000028         105         350       175.17647
       350000105000773         105         350       9272.4695
       350000105000960         105         350       9272.4695
       350000105001058         105         350       9272.4695
       350000105000825         105         350       9272.4695
       350000105001069         105         350       12302.351
       350000105001396         105         350       12302.351
       350000105000808         105         350       12302.351
       350000105000815         105         350       12302.351
       350000105000844         105         350       12302.351
       350000202000057         202         350       12302.351
       350000202000028         202         350       18963.405
       350011223000028       11223         350       39640.373
       351014641000066       14641         351       34336.402
       352000444000028         444         352       12936.258
       352000444000105         444         352       9272.4695
       353001995000028        1995         353       34336.402
       354013831000028       13831         354       39640.373
       358005453000028        5453         358       12302.351
       359012408001313       12408         359       12302.351
       359012408001403       12408         359       12302.351
       359012408001232       12408         359       4782.3462
       361000078002486          78         361       4782.3462
       361010110000028       10110         361       7076.4062
       361031855000028       31855         361       12936.258
       362000119009253         119         362       12302.351
       362000119008968         119         362       867.78947
       362000119009163         119         362       9272.4695
       363022183000028       22183         363       30668.462
       364000079001673          79         364       12302.351
       364000079000234          79         364       9272.4695
       364000079000444          79         364       9272.4695
       364000079000543          79         364       9272.4695
       364000079000028          79         364       559.53846
       364026270000028       26270         364       18963.405
       365000132019724         132         365       559.53846
       365000427000028         427         365       7076.4062
       366000106006896         106         366       4782.3462
       366000121001488         121         366       30668.462
       367000141010433         141         367       9497.1897
       367000141013947         141         367       9497.1897
       367000142034844         142         367       9272.4695
       367000142034672         142         367       9272.4695
       367000142033381         142         367       27.700000
       367000142034675         142         367       39640.373
       367000142034584         142         367       12302.351
       367000142034587         142         367       12302.351
       367000142034589         142         367       12302.351
       367000142034833         142         367       12302.351
       367014417001333       14417         367       12302.351
       367014417001344       14417         367       12302.351
       367014417001684       14417         367       12302.351
       367014417002969       14417         367       12302.351
       367014417001198       14417         367       12302.351
       367014417001210       14417         367       12302.351
       367014417001214       14417         367       12302.351
       367014417001215       14417         367       34336.402
       367014417000028       14417         367       52.052632
       367014417001548       14417         367       9272.4695
       367014417006710       14417         367       9272.4695
       368000026000232          26         368       9272.4695
       368000026000028          26         368       1586.0476
       368010548000028       10548         368       175.17647
       368010548000713       10548         368       7322.2857
       368010548000706       10548         368       9272.4695
       368010548000681       10548         368       9272.4695
       368010548000683       10548         368       9272.4695
       368010548000816       10548         368       9272.4695
       368010548000828       10548         368       9272.4695
       368010548000857       10548         368       9272.4695
       368010548001200       10548         368       9272.4695
       368010548002518       10548         368       9272.4695
       368010548000702       10548         368       9497.1897
       368010548001701       10548         368       18963.405
       368010548001209       10548         368       12302.351
       368010548001682       10548         368       12302.351
       368010548000839       10548         368       12302.351
       368010548002363       10548         368       12302.351
       368010548000684       10548         368       12302.351
       373000156000383         156         373       12302.351
       373000156000028         156         373       1586.0476
       374019282000028       19282         374       175.17647
       374019282000981       19282         374       9272.4695
       374019282001171       19282         374       12302.351
       374019282001403       19282         374       12302.351
       374019282002005       19282         374       12302.351
       374019282004738       19282         374       30668.462
       374019282000645       19282         374       12302.351
       374019282000653       19282         374       12302.351
       375004475000028        4475         375       34336.402
       375016448000028       16448         375       30668.462
       377000435000059         435         377       12302.351
       377000435000028         435         377       7076.4062
       378000377000028         377         378       7076.4062
       384008258000028        8258         384       175.17647
       384008258000545        8258         384       12302.351
       384008258000749        8258         384       12302.351
       385000063000162          63         385       12302.351
       385000063000028          63         385       4775.7857
       385000063000167          63         385       9272.4695
       388000049023449          49         388       9272.4695
       388000049023506          49         388       9272.4695
       388000049023514          49         388       12302.351
       388000049023469          49         388       12302.351
       388000049023476          49         388       12302.351
       388000049023478          49         388       12302.351
       388000049023501          49         388       12302.351
       388000049023523          49         388       18963.405
       388000049023881          49         388       34336.402
       388009799101022        9799         388       12302.351
       388009799099614        9799         388       12302.351
       388009799100973        9799         388       12302.351
       388009799100983        9799         388       12302.351
       388009799099584        9799         388       12302.351
       388009799101013        9799         388       9272.4695
       388009799099577        9799         388       9272.4695
       388009799099581        9799         388       9272.4695
       388009799099596        9799         388       9272.4695
       388009799101009        9799         388       9497.1897
       392000092000262          92         392       9272.4695
       392000092000028          92         392       867.78947
       392000092000336          92         392       12302.351
       395000126000028         126         395       1586.0476
       395000531000028         531         395       7076.4062
       395000531000069         531         395       9272.4695
       397000095000302          95         397       30668.462
       398000071006193          71         398       12302.351
       398012861000028       12861         398       12936.258
       399000164000603         164         399       12302.351
       399000164000462         164         399       12302.351
       399000164000459         164         399       9272.4695
       399000164000505         164         399       9272.4695
       399000164000641         164         399       9272.4695
       399000164000028         164         399       559.53846
       400001397000028        1397         400       34336.402
       400006784000028        6784         400       18963.405
       400006784000052        6784         400       9272.4695
       402000066000028          66         402       1586.0476
       402019617000028       19617         402       7076.4062
       407000569019106         569         407       52.052632
       407000569020082         569         407       9272.4695
       407000569020157         569         407       9497.1897
       407000569020563         569         407       9272.4695
       407000569020441         569         407       34336.402
       407000569020152         569         407       12302.351
       407002756000028        2756         407       39640.373
       407006416000028        6416         407       12302.351
       408022169000028       22169         408       34336.402
       414012094000028       12094         414       7076.4062
       415000675000028         675         415       12936.258
       418000117000028         117         418       1586.0476
       420000033001327          33         420       9272.4695
       420000033001476          33         420       9272.4695
       420000033001339          33         420       9497.1897
       420000033001314          33         420       12302.351
       420000033003252          33         420       12302.351
       422000106000964         106         422       12302.351
       422000106000970         106         422       12302.351
       422000106000971         106         422       12302.351
       422000106001622         106         422       12302.351
       422000106001770         106         422       12302.351
       422000106001341         106         422       12302.351
       422000106001824         106         422       9272.4695
       422000106001327         106         422       9272.4695
       422000106001332         106         422       9272.4695
       422000106001334         106         422       9272.4695
       422000106001461         106         422       9272.4695
       422000106001468         106         422       9272.4695
       422000106001476         106         422       9272.4695
       422000106001613         106         422       9272.4695
       422000106000028         106         422       52.052632
       422008247000028        8247         422       30668.462
       423000125000028         125         423       867.78947
       423000125000441         125         423       9272.4695
       425019679018529       19679         425       4775.7857
       426000139000028         139         426       1586.0476
       426000139000297         139         426       9272.4695
       426000139000212         139         426       34336.402
       427017604000028       17604         427       18963.405
       429019038000028       19038         429       39640.373
       430008533010494        8533         430       12302.351
       430008535001366        8535         430       12302.351
       430008535001372        8535         430       12302.351
       430008535002110        8535         430       12302.351
       430008535002321        8535         430       12302.351
       430008535002337        8535         430       12302.351
       430008535002904        8535         430       12302.351
       430008535002937        8535         430       12302.351
       430008535001538        8535         430       12302.351
       430008535001374        8535         430       9497.1897
       430008535001435        8535         430       9272.4695
       430008535001438        8535         430       9272.4695
       430008535001531        8535         430       9272.4695
       430008535001535        8535         430       9272.4695
       430008535001554        8535         430       9272.4695
       430008535002105        8535         430       9272.4695
       430008535003165        8535         430       9272.4695
       430008535000028        8535         430       52.052632
       431000183030757         183         431       34336.402
       431024730000028       24730         431       34336.402
       431024730000048       24730         431       9272.4695
       433000102000075         102         433       9272.4695
       433000102000028         102         433       4782.3462
       433013790011901       13790         433       34336.402
       433015370000028       15370         433       12302.351
       433015370000036       15370         433       12302.351
       436000075025527          75         436       39640.373
       436000563000028         563         436       12936.258
       437005148142402        5148         437       12302.351
       437005148141766        5148         437       12302.351
       437005148141779        5148         437       12302.351
       437005148141600        5148         437       12302.351
       437005148141597        5148         437       12302.351
       437005148140527        5148         437       52.052632
       437005148141592        5148         437       9272.4695
       437005148141794        5148         437       9272.4695
       437005148141910        5148         437       9272.4695
       437005148142142        5148         437       9272.4695
       437005148142148        5148         437       9272.4695
       437005148143621        5148         437       9272.4695
       437005150001397        5150         437       9497.1897
       437005150001167        5150         437       12302.351
       437005150000763        5150         437       12302.351
       437005150000833        5150         437       12302.351
       437005150001659        5150         437       12302.351
       437005150004011        5150         437       12302.351
       437005150001135        5150         437       34336.402
       437005184000028        5184         437       1586.0476
       438000127003810         127         438       9272.4695
       438000127007007         127         438       9272.4695
       438000127002927         127         438       9272.4695
       438000127003127         127         438       9272.4695
       438000127002684         127         438       34336.402
       438000127002674         127         438       12302.351
       438000127003146         127         438       12302.351
       438000127003579         127         438       12302.351
       438000127004312         127         438       12302.351
       438000127004557         127         438       12302.351
       438025578000028       25578         438       4782.3462
       440002450000028        2450         440       39640.373
       440024802000028       24802         440       12936.258
       449005945000028        5945         449       39640.373
       450002093000028        2093         450       7076.4062
       450004751000028        4751         450       34336.402
       452000471000028         471         452       18963.405
       454000109003230         109         454       34336.402
       454000109003238         109         454       34336.402
       454000109003265         109         454       34336.402
       454000109003214         109         454       12302.351
       454000109002985         109         454       12302.351
       454000109003001         109         454       9497.1897
       454000109003004         109         454       9272.4695
       457000414000028         414         457       4782.3462
       457000414000127         414         457       12302.351
       457006913000065        6913         457       4775.7857
       457006913000122        6913         457       9272.4695
       458000123000332         123         458       9272.4695
       458000123000028         123         458       1586.0476
       458000123000258         123         458       12302.351
       459004078000028        4078         459       39640.373
       461006255000028        6255         461       34336.402
       461024647000028       24647         461       30668.462
       464001492002074        1492         464       39640.373
       464001492002389        1492         464       34336.402
       464001492002406        1492         464       12302.351
       464001492001843        1492         464       12302.351
       464001492001855        1492         464       12302.351
       464001492002029        1492         464       12302.351
       464001492002048        1492         464       12302.351
       464001492002067        1492         464       12302.351
       464001492001693        1492         464       12302.351
       464001492001683        1492         464       12302.351
       464001492001668        1492         464       12302.351
       464001492001702        1492         464       12302.351
       464001492000028        1492         464       27.700000
       464001492001701        1492         464       9272.4695
       464001492001680        1492         464       9272.4695
       464001492002415        1492         464       9272.4695
       464001492002379        1492         464       9272.4695
       464001492001869        1492         464       9272.4695
       464001492001837        1492         464       9497.1897
       464001492002372        1492         464       9497.1897
       464001492001696        1492         464       9497.1897
       464001492001665        1492         464       9497.1897
       464003002000028        3002         464       18963.405
       465001981000028        1981         465       7076.4062
       465012256035023       12256         465       39640.373
       466001066000028        1066         466       18963.405
       467000098001663          98         467       34336.402
       467000098001640          98         467       12302.351
       467000098000988          98         467       12302.351
       467000098000028          98         467       52.052632
       467000098000827          98         467       9272.4695
       467000098001091          98         467       9272.4695
       468001481001937        1481         468       9272.4695
       468001481001939        1481         468       9272.4695
       468001481001947        1481         468       9272.4695
       468001481002415        1481         468       9272.4695
       468001481002983        1481         468       9272.4695
       468001481003406        1481         468       9272.4695
       468001481000941        1481         468       9272.4695
       468001481002262        1481         468       9497.1897
       468001481002408        1481         468       9497.1897
       468001481002432        1481         468       9497.1897
       468001481000028        1481         468       52.052632
       468001481002623        1481         468       12302.351
       468001481002783        1481         468       12302.351
       468001481002972        1481         468       12302.351
       468001481002268        1481         468       12302.351
       468001481002272        1481         468       12302.351
       468001481003146        1481         468       12302.351
       468001481002421        1481         468       12302.351
       468001481001950        1481         468       34336.402
       468001481001962        1481         468       34336.402
       471000184003275         184         471       12302.351
       471000184003805         184         471       12302.351
       471000184003256         184         471       12302.351
       471000184003269         184         471       9272.4695
       471000184004043         184         471       9272.4695
       471000184004260         184         471       9272.4695
       471000221001174         221         471       18963.405
       471000446000387         446         471       30668.462
       471006076000028        6076         471       9497.1897
       478003929000028        3929         478       1586.0476
       478003929000183        3929         478       12302.351
       479000136000346         136         479       4782.3462
       479002346029149        2346         479       18963.405
       481000095007008          95         481       9272.4695
       485008927000101        8927         485       30668.462
       486000114000352         114         486       12302.351
       486000114000267         114         486       9272.4695
       486000114000028         114         486       867.78947
       486017550000028       17550         486       39640.373
       488002947000028        2947         488       7322.2857
       489000127000028         127         489       867.78947
       489000127000527         127         489       9272.4695
       489000127001133         127         489       9272.4695
       489000127000694         127         489       12302.351
       489002989000028        2989         489       39640.373
       491007201000028        7201         491       34336.402
       492000214000196         214         492       9272.4695
       492000214000028         214         492       4782.3462
       495000173000509         173         495       7076.4062
       497000104000028         104         497       4782.3462
       497000104000106         104         497       9497.1897
       497000104000109         104         497       12302.351
       497003425044165        3425         497       12302.351
       497003425043470        3425         497       12302.351
       497003425043481        3425         497       12302.351
       497003425043490        3425         497       12302.351
       497003425043290        3425         497       12302.351
       497003425043903        3425         497       34336.402
       497003425043314        3425         497       9497.1897
       497003425043915        3425         497       9497.1897
       497003425043994        3425         497       9497.1897
       497003425043999        3425         497       9497.1897
       497003425044005        3425         497       9272.4695
       497003425044158        3425         497       9272.4695
       497003425043680        3425         497       9272.4695
       497003425043477        3425         497       9272.4695
       497003425043305        3425         497       9272.4695
       497003425043307        3425         497       9272.4695
       497003425044354        3425         497       9272.4695
       497003425042179        3425         497       52.052632
       497003776000028        3776         497       7076.4062
       498000151010542         151         498       9272.4695
       500013362000598       13362         500       9272.4695
       500013362000871       13362         500       9497.1897
       500013362000028       13362         500       175.17647
       500013362000634       13362         500       34336.402
       500013362000603       13362         500       12302.351
       500013362000596       13362         500       12302.351
       503001801000028        1801         503       30668.462
       503022487003363       22487         503       12302.351
       503022487003369       22487         503       12302.351
       503022487003187       22487         503       12302.351
       503022487003174       22487         503       9272.4695
       503022487003179       22487         503       9272.4695
       503022487003201       22487         503       9272.4695
       503022487003359       22487         503       9272.4695
       503024724000028       24724         503       34336.402
       510001492000028        1492         510       18963.405
