        1263
               9000237           9           0       9187.5471
               9000390           9           0       9187.5471
               9000459           9           0       9187.5471
               9001120           9           0       9187.5471
               9000399           9           0       9254.0909
               9000523           9           0       12313.417
               9000245           9           0       12313.417
           25549001153       25549           0       12313.417
           25549001503       25549           0       12313.417
           25549001641       25549           0       12313.417
           25549001977       25549           0       12313.417
           25549000320       25549           0       12313.417
           25549000303       25549           0       9254.0909
           25549001804       25549           0       27297.333
           25549000334       25549           0       9187.5471
           25549000350       25549           0       9187.5471
           25549000619       25549           0       9187.5471
           25549000628       25549           0       9187.5471
           25549000634       25549           0       9187.5471
           25549001164       25549           0       9187.5471
           25549001258       25549           0       9187.5471
           25549001492       25549           0       9187.5471
           25549000300       25549           0       9187.5471
           25549000034       25549           0       79.090909
           25549000974       25549           0       36992.583
         1000052000034          52           1       1628.0952
         1000052000158          52           1       27297.333
         1000052000111          52           1       9254.0909
         1000052000114          52           1       12313.417
         1000257000034         257           1       4905.0645
         1000975000049         975           1       9187.5471
         1000975000034         975           1       17612.175
         2000004000034           4           2       4704.1250
         2005581000034        5581           2       12313.417
         6020170012497       20170           6       14.285714
         8012934015523       12934           8       8739.7941
         8012934017104       12934           8       9187.5471
         9019516002559       19516           9       27297.333
        10020431000034       20431          10       12313.417
        11000080023941          80          11       12313.417
        11000080023931          80          11       12313.417
        11000080023932          80          11       12313.417
        11000080023917          80          11       12313.417
        11000080023948          80          11       9187.5471
        11000080023896          80          11       9187.5471
        11000080023905          80          11       9187.5471
        11000080023909          80          11       9187.5471
        11000080023924          80          11       9187.5471
        11000080023939          80          11       9187.5471
        11000080023454          80          11       14.285714
        13000921000034         921          13       17612.175
        14000036001747          36          14       17612.175
        14011166000034       11166          14       13598.976
        14011166000058       11166          14       12313.417
        16000015000282          15          16       12313.417
        16000015000034          15          16       1628.0952
        16000015000672          15          16       9187.5471
        17000039032841          39          17       9187.5471
        17000039032807          39          17       27297.333
        17016679000034       16679          17       36992.583
        18001174000143        1174          18       9187.5471
        18001174000034        1174          18       601.70833
        18001381000034        1381          18       4905.0645
        18001381000074        1381          18       12313.417
        18002664000191        2664          18       13598.976
        21004871000034        4871          21       27297.333
        22003428000330        3428          22       12313.417
        22003428000335        3428          22       12313.417
        22003428000307        3428          22       9187.5471
        22003428000328        3428          22       9187.5471
        22003428000034        3428          22       215.68000
        23003332000604        3332          23       9187.5471
        23003332000926        3332          23       9187.5471
        23003332000931        3332          23       9187.5471
        23003332000938        3332          23       9187.5471
        23003332000372        3332          23       9187.5471
        23003332002744        3332          23       9187.5471
        23003332000535        3332          23       12313.417
        23003332000947        3332          23       12313.417
        23003332000958        3332          23       12313.417
        23003332000973        3332          23       12313.417
        23003332002373        3332          23       12313.417
        23003332000609        3332          23       12313.417
        23003332000615        3332          23       12313.417
        23003332000619        3332          23       12313.417
        25000001001510           1          25       9254.0909
        25000001000128           1          25       27297.333
        25000001000120           1          25       9187.5471
        25000001000034           1          25       1628.0952
        26009787000034        9787          26       17612.175
        26010013000034       10013          26       36992.583
        27000775000034         775          27       17612.175
        30005240000034        5240          30       36992.583
        34010513000908       10513          34       17612.175
        34014702000034       14702          34       12313.417
        35000043000034          43          35       14.285714
        35001412000034        1412          35       12313.417
        38015000000060       15000          38       12313.417
        38015000000034       15000          38       13598.976
        38015000000056       15000          38       9187.5471
        40008123000207        8123          40       601.70833
        41009999000791        9999          41       4704.1250
        41009999000871        9999          41       12313.417
        41009999000894        9999          41       9254.0909
        41010305000034       10305          41       4905.0645
        42000949000044         949          42       12313.417
        42000949000034         949          42       27297.333
        45000095000034          95          45       14.285714
        46007353000034        7353          46       12313.417
        47002070000586        2070          47       9254.0909
        47002070000034        2070          47       14.285714
        47002070000580        2070          47       9187.5471
        47002070000581        2070          47       9187.5471
        47002208000373        2208          47       17612.175
        47004345000034        4345          47       27297.333
        48000183000034         183          48       8739.7941
        48015885000034       15885          48       17612.175
        49000070000269          70          49       9254.0909
        49000070000034          70          49       601.70833
        49011763000034       11763          49       601.70833
        49011763000159       11763          49       9187.5471
        49011763000158       11763          49       9254.0909
        49011763000188       11763          49       12313.417
        50000374000034         374          50       13598.976
        55000143000668         143          55       4905.0645
        55016585003756       16585          55       4905.0645
        58000120000099         120          58       9187.5471
        58000120000034         120          58       1628.0952
        59007363000034        7363          59       12313.417
        62011602000034       11602          62       17612.175
        63012040000073       12040          63       9187.5471
        63012040000034       12040          63       8739.7941
        65000538000034         538          65       13598.976
        65000538000050         538          65       12313.417
        66004822000034        4822          66       27297.333
        68000005013402           5          68       27297.333
        68000005013806           5          68       12313.417
        68000005013216           5          68       12313.417
        68000005014572           5          68       12313.417
        68000005013394           5          68       12313.417
        68000005014856           5          68       9254.0909
        68000005014129           5          68       9187.5471
        68000005014161           5          68       9187.5471
        68000005013434           5          68       9187.5471
        68000005013490           5          68       9187.5471
        68000005013577           5          68       9187.5471
        68000005013585           5          68       9187.5471
        68000005012898           5          68       79.090909
        68000005013222           5          68       36992.583
        68000005013237           5          68       36992.583
        68010118000909       10118          68       36992.583
        68010118000034       10118          68       215.68000
        68010118000134       10118          68       9187.5471
        68010118000737       10118          68       9187.5471
        68010118001430       10118          68       9187.5471
        68010118001875       10118          68       9187.5471
        68010118001894       10118          68       9187.5471
        68010118000136       10118          68       12313.417
        68010118000567       10118          68       12313.417
        68010118000576       10118          68       12313.417
        68010118000593       10118          68       12313.417
        68010118002443       10118          68       12313.417
        68010118000791       10118          68       12313.417
        70015595000034       15595          70       4704.1250
        70015595000108       15595          70       9187.5471
        73001873000034        1873          73       27297.333
        73014248000114       14248          73       12313.417
        73014248000163       14248          73       12313.417
        73014248000439       14248          73       12313.417
        73014248001076       14248          73       12313.417
        73014248000186       14248          73       9187.5471
        73014248000034       14248          73       1628.0952
        73015704000034       15704          73       17612.175
        74004911007688        4911          74       27297.333
        76000028001366          28          76       27297.333
        76000028000315          28          76       12313.417
        76000028000396          28          76       12313.417
        76000028000561          28          76       12313.417
        76000028000314          28          76       9254.0909
        76000028000530          28          76       9254.0909
        76000028000034          28          76       79.090909
        76000028001517          28          76       9187.5471
        76000028000405          28          76       9187.5471
        76000033000976          33          76       9187.5471
        76000033000296          33          76       9187.5471
        76000033000430          33          76       9187.5471
        76000033000511          33          76       9187.5471
        76000033000518          33          76       9187.5471
        76000033000034          33          76       79.090909
        76000033001090          33          76       9187.5471
        76000033002238          33          76       9187.5471
        76000033000660          33          76       12313.417
        76000033001070          33          76       12313.417
        76000033001079          33          76       12313.417
        76000033000285          33          76       12313.417
        76000033000289          33          76       12313.417
        76000691000034         691          76       17612.175
        77000110000195         110          77       12313.417
        77000110000237         110          77       12313.417
        77000110000317         110          77       12313.417
        77000110000501         110          77       12313.417
        77000110000034         110          77       601.70833
        79000626000034         626          79       17612.175
        79001550000034        1550          79       36992.583
        80016309000075       16309          80       4905.0645
        81010996000034       10996          81       17612.175
        83019782000034       19782          83       8739.7941
        85000227000343         227          85       27297.333
        85000227000356         227          85       27297.333
        85020382000034       20382          85       36992.583
        88005232000034        5232          88       27297.333
        90000079010089          79          90       4905.0645
        92001014000034        1014          92       13598.976
        92001014000054        1014          92       12313.417
        92003802000034        3802          92       36992.583
        93000126000265         126          93       36992.583
        93000126000256         126          93       12313.417
        93000126000261         126          93       12313.417
        93000126000034         126          93       215.68000
        94003051000034        3051          94       36992.583
        96000017000863          17          96       36992.583
        96000017000034          17          96       14.285714
        96000017001066          17          96       9187.5471
        96000017001259          17          96       9187.5471
        96000017001477          17          96       9187.5471
        96000017001315          17          96       12313.417
        96000017001328          17          96       12313.417
        96000017001179          17          96       12313.417
        96000017000854          17          96       12313.417
        96000017000836          17          96       12313.417
        96000017000844          17          96       12313.417
        96000017000831          17          96       9254.0909
        96000017000849          17          96       27297.333
        96017363000034       17363          96       9187.5471
        96022070000114       22070          96       79.090909
        96022070000459       22070          96       9187.5471
        97000061000324          61          97       9187.5471
        97000061000573          61          97       9254.0909
        97000061000643          61          97       12313.417
        97018899000544       18899          97       12313.417
        97018899000503       18899          97       12313.417
        97018899000508       18899          97       12313.417
        97018899000730       18899          97       12313.417
        97018899001597       18899          97       12313.417
        97018899001961       18899          97       12313.417
        97018899000797       18899          97       9254.0909
        97018899000547       18899          97       9187.5471
        97018899000817       18899          97       9187.5471
        97018899000923       18899          97       9187.5471
        97018899001975       18899          97       9187.5471
        97018899000128       18899          97       79.090909
        97018899000513       18899          97       9187.5471
        97018899000514       18899          97       9187.5471
        97019429000034       19429          97       17612.175
       104019766097353       19766         104       27297.333
       104019766097397       19766         104       27297.333
       104019766097480       19766         104       27297.333
       104019766097388       19766         104       12313.417
       104019766097391       19766         104       12313.417
       104019766097408       19766         104       12313.417
       104019766097693       19766         104       12313.417
       104019766097006       19766         104       215.68000
       104019766097451       19766         104       9187.5471
       104019766097510       19766         104       9187.5471
       104019766097622       19766         104       9187.5471
       105006737000309        6737         105       9187.5471
       105006737000863        6737         105       9187.5471
       105006737000958        6737         105       9187.5471
       105006737002247        6737         105       9187.5471
       105006737000034        6737         105       14.285714
       105006737000311        6737         105       12313.417
       105006737000534        6737         105       12313.417
       105006737000737        6737         105       12313.417
       105006737000857        6737         105       9254.0909
       105006737002234        6737         105       9254.0909
       108003429000596        3429         108       9254.0909
       108003429003384        3429         108       9254.0909
       108003429000602        3429         108       12313.417
       108003429000725        3429         108       12313.417
       108003429000730        3429         108       12313.417
       108003429000736        3429         108       12313.417
       108003429001133        3429         108       12313.417
       108003429000706        3429         108       12313.417
       108003429000716        3429         108       12313.417
       108003429001604        3429         108       12313.417
       108003429001617        3429         108       12313.417
       108003429002683        3429         108       12313.417
       108003429002026        3429         108       27297.333
       108003429000034        3429         108       14.285714
       108003429000720        3429         108       9187.5471
       108003429001144        3429         108       9187.5471
       108003429001150        3429         108       9187.5471
       108003429001159        3429         108       9187.5471
       108003429001571        3429         108       9187.5471
       108003429000610        3429         108       9187.5471
       108003429001969        3429         108       9187.5471
       108003429003337        3429         108       9187.5471
       108003429003371        3429         108       9187.5471
       109019095000128       19095         109       9187.5471
       109019095000149       19095         109       9187.5471
       109019095000156       19095         109       9187.5471
       109019095000094       19095         109       12313.417
       109019267008746       19267         109       12313.417
       109019267008728       19267         109       13598.976
       109019267008791       19267         109       9187.5471
       109019267008798       19267         109       9187.5471
       109022047000034       22047         109       27297.333
       110010624000336       10624         110       8739.7941
       112000015000034          15         112       1628.0952
       112000015000304          15         112       12313.417
       113000057000988          57         113       12313.417
       113000057001084          57         113       12313.417
       113000057000763          57         113       12313.417
       113000057001092          57         113       27297.333
       113000057001470          57         113       27297.333
       113000057000034          57         113       14.285714
       113000057000588          57         113       9187.5471
       113000057000776          57         113       9187.5471
       113000057000782          57         113       9187.5471
       113000057000896          57         113       9187.5471
       113000057001709          57         113       9187.5471
       113000057000901          57         113       9254.0909
       116010328000034       10328         116       601.70833
       116010328000322       10328         116       13847.400
       116010328000328       10328         116       12313.417
       116010328000339       10328         116       12313.417
       116010328000119       10328         116       9254.0909
       116010925000034       10925         116       27297.333
       117000136000055         136         117       27297.333
       117000136000034         136         117       8739.7941
       117000359000034         359         117       13598.976
       117000587000047         587         117       12313.417
       117000587000058         587         117       9187.5471
       117000587000034         587         117       36992.583
       120009000000034        9000         120       27297.333
       122000119000162         119         122       12313.417
       122000119000034         119         122       1628.0952
       124009595000034        9595         124       601.70833
       125010341000034       10341         125       4905.0645
       125010341000103       10341         125       12313.417
       126000089002709          89         126       12313.417
       126000089002723          89         126       36992.583
       126003740000377        3740         126       12313.417
       126003740000484        3740         126       12313.417
       126003740000777        3740         126       12313.417
       126003740000991        3740         126       12313.417
       126003740001961        3740         126       12313.417
       126003740000796        3740         126       27297.333
       126003740000034        3740         126       79.090909
       126003740001006        3740         126       9187.5471
       126003740001988        3740         126       9254.0909
       127000226000034         226         127       4905.0645
       127019052000034       19052         127       27297.333
       128000001001128           1         128       12313.417
       128000001001137           1         128       12313.417
       128000001001411           1         128       12313.417
       128000001001157           1         128       12313.417
       128000001001378           1         128       12313.417
       128000001001119           1         128       9187.5471
       128000001001401           1         128       9187.5471
       128008178002848        8178         128       12313.417
       128008178002864        8178         128       12313.417
       128008180000402        8180         128       12313.417
       128008180000449        8180         128       12313.417
       128008180000478        8180         128       12313.417
       128008180001440        8180         128       12313.417
       128008180001702        8180         128       12313.417
       128008180002567        8180         128       9187.5471
       128008180000321        8180         128       9187.5471
       128008180000325        8180         128       9187.5471
       128008180000366        8180         128       9187.5471
       128008180001216        8180         128       9187.5471
       128008180000034        8180         128       215.68000
       128008192003553        8192         128       8739.7941
       128010707000034       10707         128       36992.583
       130003557015322        3557         130       17612.175
       130004156000034        4156         130       8739.7941
       131004516000034        4516         131       12313.417
       131004516000040        4516         131       12313.417
       131004516000045        4516         131       9254.0909
       131026309020927       26309         131       12313.417
       131026309020947       26309         131       12313.417
       131026309021107       26309         131       12313.417
       131026309021100       26309         131       13847.400
       131026309020080       26309         131       14.285714
       131026309020686       26309         131       9187.5471
       131026309020692       26309         131       9187.5471
       131026309020699       26309         131       9187.5471
       131026309020922       26309         131       9187.5471
       131026309020678       26309         131       9254.0909
       131026309020979       26309         131       9254.0909
       131026457000034       26457         131       17612.175
       132000049000280          49         132       12313.417
       132000049000297          49         132       12313.417
       132000049000034          49         132       601.70833
       135009308000034        9308         135       27297.333
       136000156000034         156         136       13598.976
       136000322000034         322         136       17612.175
       137000208000034         208         137       13598.976
       137000208000055         208         137       12313.417
       138001690000051        1690         138       9187.5471
       138001690000034        1690         138       36992.583
       138004547000034        4547         138       27297.333
       144010146000258       10146         144       36992.583
       144011679000034       11679         144       17612.175
       147012364000034       12364         147       4704.1250
       150000319000034         319         150       4905.0645
       151000147000034         147         151       79.090909
       151000147000412         147         151       9187.5471
       151000147000553         147         151       9187.5471
       151000147000546         147         151       12313.417
       151004083000034        4083         151       12313.417
       152019645000062       19645         152       12313.417
       152019645000034       19645         152       13598.976
       153017226000034       17226         153       27297.333
       154000061001331          61         154       12313.417
       154000061000343          61         154       9187.5471
       154000061000353          61         154       9187.5471
       154000061001298          61         154       9187.5471
       154000061001806          61         154       9187.5471
       154000427000034         427         154       13598.976
       155000302000034         302         155       8739.7941
       156009180000034        9180         156       1628.0952
       156009180000266        9180         156       9187.5471
       157009531000375        9531         157       9187.5471
       157009531000499        9531         157       9187.5471
       157009531000506        9531         157       9187.5471
       157009531000414        9531         157       9187.5471
       157009531000417        9531         157       9187.5471
       157009531000034        9531         157       215.68000
       157009531000380        9531         157       27297.333
       157009531000427        9531         157       27297.333
       157009531000437        9531         157       17612.175
       157009531000420        9531         157       12313.417
       157009531000376        9531         157       12313.417
       157009531000356        9531         157       12313.417
       157009531000366        9531         157       12313.417
       157009531000369        9531         157       12313.417
       159016379000179       16379         159       12313.417
       159016379000225       16379         159       12313.417
       159016379000034       16379         159       601.70833
       159016379000183       16379         159       9187.5471
       159016379000301       16379         159       9187.5471
       159016379000325       16379         159       9187.5471
       159016379000371       16379         159       9187.5471
       162001109000034        1109         162       17612.175
       163000110001933         110         163       13598.976
       163016547000034       16547         163       4905.0645
       164000038000793          38         164       9187.5471
       164000038000753          38         164       9187.5471
       164000038000199          38         164       14.285714
       164000038000756          38         164       9254.0909
       164000038000761          38         164       9254.0909
       164000038000778          38         164       13598.976
       164000038000770          38         164       27297.333
       164000038000800          38         164       12313.417
       164000038000765          38         164       12313.417
       166007097001046        7097         166       8739.7941
       166010883000034       10883         166       9254.0909
       167010499000034       10499         167       36992.583
       172000369001920         369         172       4905.0645
       173000087000034          87         173       4905.0645
       173000087000080          87         173       9254.0909
       173000087000078          87         173       9254.0909
       173000087000213          87         173       9187.5471
       175002958000034        2958         175       36992.583
       178000279000034         279         178       17612.175
       178015214000381       15214         178       17612.175
       180023281000491       23281         180       9254.0909
       180023281000448       23281         180       8739.7941
       181000132000034         132         181       4704.1250
       181000132000114         132         181       9187.5471
       181000132000124         132         181       9187.5471
       181000132000276         132         181       9187.5471
       181000132000132         132         181       27297.333
       182000102000274         102         182       12313.417
       182000102000267         102         182       12313.417
       182000102000034         102         182       79.090909
       182018894000034       18894         182       17612.175
       183011270000122       11270         183       12313.417
       183011270000034       11270         183       4704.1250
       183011385000034       11385         183       4905.0645
       183011385000133       11385         183       12313.417
       184012911000034       12911         184       17612.175
       186000254000191         254         186       13598.976
       187013469000034       13469         187       4905.0645
       188000105000221         105         188       4905.0645
       188000105000251         105         188       9187.5471
       188003938000034        3938         188       14.285714
       190004192000486        4192         190       12313.417
       190006454000034        6454         190       36992.583
       190006949000034        6949         190       27297.333
       191000120005438         120         191       27297.333
       191000120005435         120         191       27297.333
       191000120007109         120         191       17612.175
       191000120005496         120         191       12313.417
       191000120006270         120         191       12313.417
       191000120006596         120         191       12313.417
       191000120007093         120         191       12313.417
       191000120005936         120         191       12313.417
       191000120005605         120         191       12313.417
       191000120005616         120         191       12313.417
       191000120005058         120         191       79.090909
       191000120005601         120         191       9187.5471
       191000120005802         120         191       9187.5471
       191000120005952         120         191       9187.5471
       191000120005446         120         191       36992.583
       191000130000260         130         191       9187.5471
       191000130000826         130         191       9187.5471
       191000130000251         130         191       9254.0909
       191000130000034         130         191       601.70833
       192001741000041        1741         192       12313.417
       192001741000034        1741         192       27297.333
       194000045001169          45         194       27297.333
       194000045001405          45         194       9187.5471
       194019443006638       19443         194       17612.175
       195008830000034        8830         195       8739.7941
       197000044022901          44         197       27297.333
       200000071000248          71         200       27297.333
       200000071001699          71         200       17612.175
       200000071000457          71         200       12313.417
       200000071002114          71         200       12313.417
       200000071000034          71         200       215.68000
       200000071001450          71         200       9187.5471
       202015315000933       15315         202       9187.5471
       202015315000798       15315         202       9187.5471
       202015315000905       15315         202       9254.0909
       202015315000396       15315         202       79.090909
       202015315000803       15315         202       12313.417
       202015315000790       15315         202       12313.417
       202015315000941       15315         202       12313.417
       202015315000816       15315         202       27297.333
       203013897000034       13897         203       17612.175
       204000028018023          28         204       27297.333
       204000028018391          28         204       12313.417
       204000028017870          28         204       12313.417
       204000028018010          28         204       12313.417
       204000028018374          28         204       9254.0909
       204031417000391       31417         204       9187.5471
       204031417000463       31417         204       9187.5471
       204031417000466       31417         204       9187.5471
       204031417000034       31417         204       79.090909
       204031417000398       31417         204       27297.333
       206000102000237         102         206       12313.417
       206000102000238         102         206       12313.417
       206000102000244         102         206       12313.417
       206000102000464         102         206       12313.417
       206000102000293         102         206       12313.417
       206000102000034         102         206       215.68000
       206000102000287         102         206       9187.5471
       206000102000458         102         206       9187.5471
       206000103000337         103         206       9187.5471
       206000103000034         103         206       215.68000
       206000103000334         103         206       12313.417
       206000103000339         103         206       12313.417
       206000103000390         103         206       27297.333
       206002332000034        2332         206       27297.333
       206002332000046        2332         206       12313.417
       208008478000034        8478         208       12313.417
       211008907000636        8907         211       12313.417
       211008907000641        8907         211       12313.417
       211008907000647        8907         211       12313.417
       211008907000659        8907         211       27297.333
       211008907000034        8907         211       14.285714
       211008910006442        8910         211       12313.417
       213002417000034        2417         213       36992.583
       213014665000112       14665         213       12313.417
       213014665000034       14665         213       1628.0952
       213014665000232       14665         213       9187.5471
       216005617000034        5617         216       4704.1250
       217004872000052        4872         217       9187.5471
       217004872000034        4872         217       13598.976
       218005495019432        5495         218       36992.583
       219000134000660         134         219       27297.333
       219000134000507         134         219       12313.417
       219000134000423         134         219       12313.417
       219000134001717         134         219       12313.417
       219000134000645         134         219       9187.5471
       219000134000428         134         219       9187.5471
       219000134000491         134         219       9187.5471
       219000134000500         134         219       9187.5471
       219000134000663         134         219       9187.5471
       219000134001005         134         219       9187.5471
       219000134002606         134         219       9187.5471
       219000134002997         134         219       9187.5471
       219000134002618         134         219       9254.0909
       219000134001017         134         219       9254.0909
       219000134000034         134         219       79.090909
       219000727000034         727         219       13598.976
       219000824000166         824         219       8739.7941
       219002361000034        2361         219       27297.333
       220009333000238        9333         220       12313.417
       220009333000242        9333         220       12313.417
       220009333000249        9333         220       12313.417
       220009333000226        9333         220       12313.417
       220009333000034        9333         220       215.68000
       220009333000234        9333         220       9187.5471
       220009333000643        9333         220       9187.5471
       220009333000780        9333         220       9187.5471
       221000159002645         159         221       9187.5471
       221000159000181         159         221       9254.0909
       221000159000034         159         221       601.70833
       221000159000183         159         221       12313.417
       221000159000230         159         221       12313.417
       221000159001687         159         221       12313.417
       221000159002007         159         221       12313.417
       221000159001716         159         221       27297.333
       222003932000492        3932         222       12313.417
       222003932000423        3932         222       9187.5471
       222003946000177        3946         222       9187.5471
       222003946000176        3946         222       9254.0909
       222003946000232        3946         222       9254.0909
       222003946000034        3946         222       601.70833
       222003946000179        3946         222       12313.417
       222003946000185        3946         222       12313.417
       222003946000194        3946         222       12313.417
       222003946000204        3946         222       27297.333
       223000188000034         188         223       14.285714
       223000217000034         217         223       601.70833
       223000217000365         217         223       9187.5471
       223000217000167         217         223       12313.417
       223000217000171         217         223       12313.417
       223000217000233         217         223       12313.417
       223000407000034         407         223       8739.7941
       225000100000034         100         225       1628.0952
       225000100000115         100         225       12313.417
       225000100001229         100         225       12313.417
       226000079000902          79         226       12313.417
       226000079000699          79         226       12313.417
       226000079000705          79         226       12313.417
       226000079000712          79         226       12313.417
       226000079000719          79         226       12313.417
       226000079001630          79         226       12313.417
       226000079000034          79         226       14.285714
       226000079000773          79         226       9187.5471
       226000079000894          79         226       9187.5471
       226000079001228          79         226       9187.5471
       226000079001655          79         226       9187.5471
       226000079002015          79         226       9187.5471
       226000079002193          79         226       9254.0909
       226000079001241          79         226       9254.0909
       226000079000775          79         226       9254.0909
       226022130000034       22130         226       14.285714
       228004994003635        4994         228       12313.417
       228004994003659        4994         228       12313.417
       228005005000354        5005         228       27297.333
       228005005000296        5005         228       27297.333
       228005005000306        5005         228       27297.333
       228005005000034        5005         228       215.68000
       228005005000340        5005         228       9187.5471
       228006355000034        6355         228       27297.333
       231003504000034        3504         231       36992.583
       232003740000034        3740         232       27297.333
       233002633000034        2633         233       17612.175
       234000135000115         135         234       12313.417
       234000135000069         135         234       9187.5471
       234000135000034         135         234       4905.0645
       234000853000046         853         234       9187.5471
       234000853000034         853         234       36992.583
       234018002000034       18002         234       36992.583
       239001414000034        1414         239       17612.175
       240011812000449       11812         240       12313.417
       240011812000348       11812         240       12313.417
       240011812000359       11812         240       12313.417
       240011812000276       11812         240       12313.417
       240011812000251       11812         240       12313.417
       240011812000343       11812         240       9187.5471
       240011812000490       11812         240       9187.5471
       240011812000593       11812         240       9187.5471
       240011812000931       11812         240       9187.5471
       240011812000266       11812         240       9187.5471
       240011812000240       11812         240       9187.5471
       240011812000233       11812         240       9187.5471
       240011812000440       11812         240       9254.0909
       240011812000034       11812         240       215.68000
       240012607000034       12607         240       36992.583
       241008848000034        8848         241       14.285714
       242009481000034        9481         242       8739.7941
       242014218000034       14218         242       12313.417
       245000192000377         192         245       12313.417
       245000192000386         192         245       27297.333
       245000192000034         192         245       79.090909
       245000192000458         192         245       9187.5471
       245000192000496         192         245       9187.5471
       246000122000261         122         246       9187.5471
       246000122000034         122         246       215.68000
       246002460009966        2460         246       17612.175
       247000358000034         358         247       4905.0645
       248018571000034       18571         248       13598.976
       248018847000034       18847         248       13598.976
       250000910000034         910         250       12313.417
       252015208000034       15208         252       12313.417
       255000268000034         268         255       4704.1250
       255000268000102         268         255       9187.5471
       256000196000034         196         256       4905.0645
       257000037006756          37         257       13598.976
       257000093000717          93         257       8739.7941
       257000167000034         167         257       8739.7941
       257000167000075         167         257       9187.5471
       263002624000034        2624         263       36992.583
       263003057000034        3057         263       9187.5471
       263003926002991        3926         263       12313.417
       263022684000177       22684         263       12313.417
       264011497003087       11497         264       12313.417
       264011497003453       11497         264       12313.417
       268001955000034        1955         268       13598.976
       268001955000081        1955         268       9187.5471
       272000167000034         167         272       4905.0645
       272011771000074       11771         272       9187.5471
       272011771000034       11771         272       27297.333
       273013172000109       13172         273       12313.417
       273013172000092       13172         273       9187.5471
       273013172000034       13172         273       1628.0952
       277000056002076          56         277       601.70833
       277000056002203          56         277       9187.5471
       277000056002209          56         277       9187.5471
       277001178000034        1178         277       27297.333
       277020305004281       20305         277       9187.5471
       277020305004184       20305         277       601.70833
       282000425000034         425         282       36992.583
       282000569000034         569         282       36992.583
       282004951000034        4951         282       215.68000
       282004951000229        4951         282       9187.5471
       282004951000329        4951         282       9187.5471
       282004951000952        4951         282       9187.5471
       282004951001113        4951         282       9187.5471
       282004951000196        4951         282       9254.0909
       282004951000222        4951         282       12313.417
       282005260000034        5260         282       17612.175
       285006845000349        6845         285       12313.417
       285006845000522        6845         285       9187.5471
       285006845000358        6845         285       9187.5471
       285006845000034        6845         285       79.090909
       285009007000034        9007         285       36992.583
       286000342000034         342         286       17612.175
       286010022000034       10022         286       27297.333
       290000092001783          92         290       4704.1250
       290000092001829          92         290       9187.5471
       291002851004051        2851         291       9187.5471
       291002851003674        2851         291       9187.5471
       291002851003683        2851         291       9187.5471
       291002851005011        2851         291       1628.0952
       291002851003437        2851         291       215.68000
       291002851003927        2851         291       4905.0645
       291002851003684        2851         291       27297.333
       291002851003698        2851         291       17612.175
       291002851003695        2851         291       12313.417
       291002851005123        2851         291       12313.417
       292000052000080          52         292       12313.417
       292000052000034          52         292       8739.7941
       292002060013166        2060         292       79.090909
       292002060013451        2060         292       27297.333
       292002060013448        2060         292       27297.333
       292002060013439        2060         292       27297.333
       292002062001071        2062         292       12313.417
       292002062001083        2062         292       12313.417
       292002062001170        2062         292       12313.417
       292002062002343        2062         292       12313.417
       292002062000317        2062         292       9187.5471
       292002062000322        2062         292       9187.5471
       292002062001594        2062         292       9187.5471
       292002062002811        2062         292       9254.0909
       292002062001036        2062         292       36992.583
       292002159000034        2159         292       4704.1250
       292002159000090        2159         292       12313.417
       296003841035060        3841         296       12313.417
       296003841035360        3841         296       12313.417
       296003841035602        3841         296       12313.417
       296003841034577        3841         296       12313.417
       296003841034564        3841         296       12313.417
       296003841034697        3841         296       27297.333
       296003841034715        3841         296       27297.333
       296003841035066        3841         296       27297.333
       296003841034726        3841         296       17612.175
       296003841054287        3841         296       215.68000
       296003841034056        3841         296       14.285714
       296003841035790        3841         296       9254.0909
       296003841034565        3841         296       9187.5471
       296003841034572        3841         296       9187.5471
       296003841035776        3841         296       9187.5471
       296003841036473        3841         296       9187.5471
       296003841036775        3841         296       9187.5471
       296003841034690        3841         296       9187.5471
       297000477000034         477         297       8739.7941
       297000477000056         477         297       12313.417
       297021668000110       21668         297       601.70833
       300003901000034        3901         300       8739.7941
       300005272000034        5272         300       27297.333
       303002259000034        2259         303       9187.5471
       304000043000176          43         304       9187.5471
       304000043000254          43         304       9187.5471
       304000043000034          43         304       1628.0952
       304000043000142          43         304       17612.175
       304000043000179          43         304       12313.417
       307007969000034        7969         307       12313.417
       308002535000034        2535         308       8739.7941
       309000110000300         110         309       14.285714
       309000110001179         110         309       9187.5471
       309000110001098         110         309       9187.5471
       309000110001205         110         309       9187.5471
       309000110001459         110         309       9187.5471
       309000110003293         110         309       9187.5471
       309000110002253         110         309       9187.5471
       309000110002263         110         309       9187.5471
       309000110001094         110         309       12313.417
       309000110001102         110         309       12313.417
       309000110001586         110         309       12313.417
       309000110001185         110         309       12313.417
       309000110001190         110         309       12313.417
       309000110001198         110         309       12313.417
       309000110002270         110         309       12313.417
       309000110002282         110         309       12313.417
       309000110002486         110         309       12313.417
       309000110002497         110         309       12313.417
       309000110003240         110         309       12313.417
       309000110001468         110         309       27297.333
       309000110001101         110         309       27297.333
       309001295000083        1295         309       12313.417
       309001295000091        1295         309       9187.5471
       309001295000034        1295         309       4704.1250
       311001693037011        1693         311       215.68000
       311001693037494        1693         311       4905.0645
       311001693037431        1693         311       9187.5471
       311001693037437        1693         311       9187.5471
       314000407000049         407         314       9254.0909
       314000407000034         407         314       13598.976
       314000883000034         883         314       36992.583
       314001893000034        1893         314       27297.333
       314012995000841       12995         314       27297.333
       314012995000179       12995         314       9187.5471
       314012995000260       12995         314       9187.5471
       314012995001728       12995         314       9187.5471
       314012995000034       12995         314       1628.0952
       316017236000034       17236         316       12313.417
       318000080007375          80         318       12313.417
       319000120000034         120         319       14.285714
       319000125000034         125         319       79.090909
       319001751000050        1751         319       9187.5471
       319001751000034        1751         319       36992.583
       320003391000034        3391         320       9187.5471
       320003439000034        3439         320       9187.5471
       323007296000034        7296         323       13598.976
       325010211000245       10211         325       13598.976
       326013941000034       13941         326       4905.0645
       327019908001046       19908         327       17612.175
       329004881000050        4881         329       9187.5471
       329004881000034        4881         329       36992.583
       329005947000034        5947         329       17612.175
       330000078014805          78         330       17612.175
       331001637000145        1637         331       12313.417
       331001637000153        1637         331       12313.417
       331001637000185        1637         331       12313.417
       336000032005890          32         336       12313.417
       336000787000034         787         336       17612.175
       336003630000034        3630         336       12313.417
       336003889000034        3889         336       27297.333
       336023948000034       23948         336       36992.583
       337000118000034         118         337       14.285714
       337017819000034       17819         337       13598.976
       337018001000034       18001         337       17612.175
       339000080000236          80         339       13847.400
       339000080000252          80         339       27297.333
       339000080000034          80         339       215.68000
       339000080000298          80         339       9187.5471
       339000080000523          80         339       9187.5471
       339000080000624          80         339       9254.0909
       339000080000278          80         339       9254.0909
       340021257004857       21257         340       9187.5471
       340021257004870       21257         340       9187.5471
       340021257004875       21257         340       9187.5471
       340021257004419       21257         340       14.285714
       340021257004859       21257         340       12313.417
       340021257004855       21257         340       12313.417
       344000218000034         218         344       17612.175
       345012259000034       12259         345       9187.5471
       347003975000034        3975         347       13598.976
       348009907000034        9907         348       27297.333
       350000102008629         102         350       9187.5471
       350000102008367         102         350       601.70833
       350000105000034         105         350       79.090909
       350000105000821         105         350       9187.5471
       350000105000314         105         350       9187.5471
       350000105000305         105         350       9254.0909
       350000105000814         105         350       9254.0909
       350000105000476         105         350       27297.333
       350000105000306         105         350       27297.333
       350000105000320         105         350       27297.333
       350000105000565         105         350       13598.976
       350000105000416         105         350       12313.417
       350000105000750         105         350       12313.417
       350000202000034         202         350       17612.175
       350000202000063         202         350       9187.5471
       350011223000034       11223         350       27297.333
       351014641000072       14641         351       27297.333
       352000444000034         444         352       17612.175
       352000444000111         444         352       12313.417
       353001995000034        1995         353       12313.417
       354013831000034       13831         354       12313.417
       354013831000041       13831         354       12313.417
       358005453000034        5453         358       12313.417
       359012408001294       12408         359       9187.5471
       359012408001238       12408         359       4905.0645
       361000078002492          78         361       13598.976
       361010110000034       10110         361       13598.976
       361031855000034       31855         361       13598.976
       362000119008974         119         362       1628.0952
       362000119009147         119         362       9187.5471
       363022183000034       22183         363       36992.583
       364000079000118          79         364       9187.5471
       364000079000121          79         364       9187.5471
       364000079000159          79         364       9187.5471
       364000079000450          79         364       9187.5471
       364000079001679          79         364       9187.5471
       364000079000034          79         364       1628.0952
       364026270000034       26270         364       17612.175
       365000132019843         132         365       12313.417
       365000132019730         132         365       601.70833
       365000132020038         132         365       9187.5471
       365000427000082         427         365       9187.5471
       365000427000064         427         365       9254.0909
       365000427000076         427         365       9254.0909
       365000427000034         427         365       8739.7941
       366000106006902         106         366       4905.0645
       366000106006947         106         366       12313.417
       366000121001494         121         366       36992.583
       367000142034138         142         367       12313.417
       367000142034150         142         367       12313.417
       367000142034364         142         367       12313.417
       367000142034158         142         367       17612.175
       367000142034338         142         367       27297.333
       367000142033387         142         367       14.285714
       367000142034277         142         367       9187.5471
       367000142034325         142         367       9187.5471
       367000142034681         142         367       9187.5471
       367014417000768       14417         367       9187.5471
       367014417000685       14417         367       9187.5471
       367014417000689       14417         367       9187.5471
       367014417001221       14417         367       9187.5471
       367014417001046       14417         367       9187.5471
       367014417001039       14417         367       9254.0909
       367014417001339       14417         367       9254.0909
       367014417000713       14417         367       9254.0909
       367014417000824       14417         367       9254.0909
       367014417000034       14417         367       14.285714
       367014417000771       14417         367       27297.333
       367014417000694       14417         367       27297.333
       367014417000832       14417         367       17612.175
       367014417000686       14417         367       12313.417
       367014417000903       14417         367       12313.417
       367014417001029       14417         367       12313.417
       367014417000702       14417         367       12313.417
       367014417001690       14417         367       12313.417
       367014417000815       14417         367       12313.417
       367014417001054       14417         367       12313.417
       368000026000198          26         368       27297.333
       368000026000034          26         368       1628.0952
       368010548000034       10548         368       215.68000
       368010548000712       10548         368       9254.0909
       368010548000472       10548         368       9254.0909
       368010548000822       10548         368       9187.5471
       368010548000834       10548         368       9187.5471
       368010548001215       10548         368       9187.5471
       368010548000466       10548         368       27297.333
       368010548000580       10548         368       27297.333
       368010548001688       10548         368       27297.333
       368010548000572       10548         368       12313.417
       368010548000719       10548         368       12313.417
       368010548000248       10548         368       17612.175
       368010548001707       10548         368       13598.976
       369000147000100         147         369       8739.7941
       369006542000034        6542         369       14.285714
       372000803000034         803         372       17612.175
       373000156000389         156         373       9187.5471
       374019282000413       19282         374       9187.5471
       374019282000422       19282         374       9187.5471
       374019282000332       19282         374       9254.0909
       374019282000034       19282         374       215.68000
       374019282000317       19282         374       12313.417
       374019282000338       19282         374       12313.417
       374019282001177       19282         374       12313.417
       374019282004744       19282         374       36992.583
       375004475000034        4475         375       12313.417
       377000435000034         435         377       8739.7941
       377000435000065         435         377       9187.5471
       378000377000034         377         378       13598.976
       384008258000491        8258         384       12313.417
       384008258000755        8258         384       12313.417
       385000063000034          63         385       4704.1250
       388000049023520          49         388       9187.5471
       388000049023887          49         388       9187.5471
       388000049023529          49         388       13598.976
       388009799100989        9799         388       9187.5471
       388009799101019        9799         388       9187.5471
       388009799099620        9799         388       9254.0909
       392000092000157          92         392       9187.5471
       392000092000034          92         392       601.70833
       392000092000218          92         392       12313.417
       395000126000034         126         395       4704.1250
       395000265000430         265         395       17612.175
       395000531000034         531         395       8739.7941
       397000095000318          95         397       9187.5471
       397000095000313          95         397       12313.417
       397000095000324          95         397       12313.417
       397000095000308          95         397       36992.583
       398000071006199          71         398       12313.417
       398012861000034       12861         398       13598.976
       399000164000220         164         399       12313.417
       399000164000444         164         399       12313.417
       399000164000609         164         399       9187.5471
       399000164000214         164         399       9187.5471
       399000164000034         164         399       601.70833
       400001397000034        1397         400       9187.5471
       400006784000049        6784         400       27297.333
       400006784000034        6784         400       36992.583
       402000036000972          36         402       12313.417
       402000036001033          36         402       12313.417
       402000036000804          36         402       215.68000
       402000066000034          66         402       1628.0952
       402000066000179          66         402       9187.5471
       402000066000196          66         402       9187.5471
       402000066000188          66         402       12313.417
       402000066000170          66         402       12313.417
       402019617000034       19617         402       13598.976
       404000064000277          64         404       14.285714
       407000569019112         569         407       79.090909
       407000569019575         569         407       9187.5471
       407000569019528         569         407       9187.5471
       407000569019532         569         407       9187.5471
       407000569019658         569         407       12313.417
       407000569019537         569         407       12313.417
       407002756000034        2756         407       27297.333
       407006416000034        6416         407       12313.417
       408018645000277       18645         408       8739.7941
       408022169000034       22169         408       12313.417
       412000079000034          79         412       215.68000
       412010675004229       10675         412       8739.7941
       414012094000034       12094         414       4905.0645
       414012094000054       12094         414       12313.417
       415000124000034         124         415       14.285714
       415000675000034         675         415       13598.976
       418000117000034         117         418       4704.1250
       420000033003258          33         420       9187.5471
       420000033001345          33         420       9254.0909
       420000033001482          33         420       12313.417
       422000106000239         106         422       12313.417
       422000106000248         106         422       12313.417
       422000106000369         106         422       12313.417
       422000106000377         106         422       12313.417
       422000106000853         106         422       12313.417
       422000106000441         106         422       12313.417
       422000106000455         106         422       12313.417
       422000106000464         106         422       12313.417
       422000106000544         106         422       12313.417
       422000106000552         106         422       12313.417
       422000106000558         106         422       27297.333
       422000106000429         106         422       9254.0909
       422000106000425         106         422       9187.5471
       422000106000448         106         422       9187.5471
       422000106000433         106         422       9187.5471
       422000106000843         106         422       9187.5471
       422000106000231         106         422       9187.5471
       422000106000237         106         422       9187.5471
       422000106001347         106         422       9187.5471
       422000106000034         106         422       215.68000
       422008247000034        8247         422       27297.333
       422008247000046        8247         422       12313.417
       423000125000447         125         423       12313.417
       423000125000034         125         423       1628.0952
       425019679018535       19679         425       4905.0645
       425019679018575       19679         425       27297.333
       426000139000182         139         426       12313.417
       426000139000034         139         426       601.70833
       426000139000218         139         426       9187.5471
       426000139000303         139         426       9254.0909
       427017604000034       17604         427       17612.175
       429019038000034       19038         429       12313.417
       430008535000813        8535         430       12313.417
       430008535000319        8535         430       12313.417
       430008535000325        8535         430       12313.417
       430008535000436        8535         430       12313.417
       430008535000751        8535         430       12313.417
       430008535001444        8535         430       13847.400
       430008535000758        8535         430       27297.333
       430008535001544        8535         430       9254.0909
       430008535002343        8535         430       9254.0909
       430008535000430        8535         430       9187.5471
       430008535000837        8535         430       9187.5471
       430008535000855        8535         430       9187.5471
       430008535000034        8535         430       14.285714
       431000183084011         183         431       14.285714
       431000183030763         183         431       12313.417
       431024730000034       24730         431       12313.417
       433000102000034         102         433       8739.7941
       433013790011907       13790         433       27297.333
       436000075025533          75         436       27297.333
       436000563000034         563         436       17612.175
       437005148141508        5148         437       12313.417
       437005148141785        5148         437       12313.417
       437005148141772        5148         437       27297.333
       437005148140533        5148         437       215.68000
       437005148141182        5148         437       9254.0909
       437005150000769        5150         437       9187.5471
       437005150001665        5150         437       9187.5471
       437005150004017        5150         437       9187.5471
       437005184000114        5184         437       9254.0909
       437005184000034        5184         437       4704.1250
       438000125000034         125         438       14.285714
       438000127003152         127         438       9187.5471
       438000127002690         127         438       12313.417
       438000130000034         130         438       14.285714
       438025578000034       25578         438       4905.0645
       440002450000034        2450         440       27297.333
       440024802000034       24802         440       13598.976
       447022816000034       22816         447       14.285714
       449005945000034        5945         449       27297.333
       450002093000063        2093         450       12313.417
       450002093000034        2093         450       8739.7941
       450002093000050        2093         450       9187.5471
       450004751000034        4751         450       12313.417
       452000471000034         471         452       13598.976
       452000471000063         471         452       9187.5471
       454000109003244         109         454       9187.5471
       457000414000034         414         457       8739.7941
       457000414000068         414         457       17612.175
       457006913000071        6913         457       4704.1250
       458000123000034         123         458       1628.0952
       458000123000119         123         458       9187.5471
       458000123000141         123         458       12313.417
       459004078000034        4078         459       36992.583
       460005542006927        5542         460       12313.417
       460005542006932        5542         460       9187.5471
       460005542006774        5542         460       601.70833
       461006255000034        6255         461       12313.417
       461024647000034       24647         461       17612.175
       464001492001407        1492         464       12313.417
       464001492001674        1492         464       12313.417
       464001492001334        1492         464       12313.417
       464001492000432        1492         464       12313.417
       464001492000652        1492         464       12313.417
       464001492000655        1492         464       12313.417
       464001492000663        1492         464       12313.417
       464001492000678        1492         464       12313.417
       464001492001849        1492         464       27297.333
       464001492001377        1492         464       27297.333
       464001492000034        1492         464       14.285714
       464001492000643        1492         464       9254.0909
       464001492000780        1492         464       9187.5471
       464001492001094        1492         464       9187.5471
       464001492001391        1492         464       9187.5471
       464001492001398        1492         464       9187.5471
       464001492001689        1492         464       9187.5471
       464001492002035        1492         464       9187.5471
       464001492002054        1492         464       9187.5471
       464001492000421        1492         464       36992.583
       464003002000034        3002         464       17612.175
       465001981000034        1981         465       13598.976
       465001981000052        1981         465       12313.417
       465012256035029       12256         465       12313.417
       466001066000048        1066         466       9187.5471
       466001066000034        1066         466       36992.583
       467000098000171          98         467       36992.583
       467000098000229          98         467       27297.333
       467000098000166          98         467       9254.0909
       467000098000233          98         467       9187.5471
       467000098000239          98         467       9187.5471
       467000098000340          98         467       9187.5471
       467000098000566          98         467       9187.5471
       467000098000034          98         467       215.68000
       467000098000223          98         467       12313.417
       467000098000345          98         467       12313.417
       467000098000994          98         467       12313.417
       467000098001646          98         467       12313.417
       467000098001669          98         467       12313.417
       467000242000097         242         467       8739.7941
       467001003000034        1003         467       8739.7941
       468001481000034        1481         468       79.090909
       468001481000408        1481         468       9187.5471
       468001481001945        1481         468       9254.0909
       468001481000525        1481         468       9254.0909
       468001481002278        1481         468       9187.5471
       468001481000521        1481         468       9187.5471
       468001481000782        1481         468       9187.5471
       468001481000413        1481         468       12313.417
       468001481000416        1481         468       12313.417
       468001481000529        1481         468       12313.417
       468001481000518        1481         468       12313.417
       468001481000701        1481         468       12313.417
       468001481000757        1481         468       12313.417
       468001481000420        1481         468       27297.333
       468001481001968        1481         468       27297.333
       468001481000538        1481         468       36992.583
       471000184003262         184         471       9187.5471
       471000184003811         184         471       9187.5471
       471000221001200         221         471       9187.5471
       471000221001180         221         471       17612.175
       471000446000393         446         471       27297.333
       478003929000100        3929         478       9187.5471
       478003929000034        3929         478       1628.0952
       479000136000352         136         479       8739.7941
       479002345000330        2345         479       4905.0645
       479002345000034        2345         479       14.285714
       479002345000360        2345         479       9187.5471
       479002345000313        2345         479       27297.333
       479002345000323        2345         479       27297.333
       479002346029155        2346         479       13598.976
       485008927000113        8927         485       12313.417
       485008927000107        8927         485       27297.333
       486000114000358         114         486       13847.400
       486000114000211         114         486       9187.5471
       486000114000034         114         486       601.70833
       486017550000034       17550         486       12313.417
       489000127000165         127         489       12313.417
       489000127000034         127         489       601.70833
       489000127000238         127         489       9187.5471
       489000127000279         127         489       27297.333
       489002989000034        2989         489       36992.583
       491007201000034        7201         491       12313.417
       492000214000034         214         492       4905.0645
       495000173000515         173         495       8739.7941
       497000104000034         104         497       4905.0645
       497000104000115         104         497       9187.5471
       497003425042824        3425         497       9187.5471
       497003425043313        3425         497       9187.5471
       497003425043496        3425         497       9187.5471
       497003425043909        3425         497       9187.5471
       497003425042953        3425         497       9254.0909
       497003425042743        3425         497       9254.0909
       497003425043217        3425         497       9254.0909
       497003425043074        3425         497       9187.5471
       497003425042185        3425         497       79.090909
       497003425043068        3425         497       12313.417
       497003425042830        3425         497       12313.417
       497003425042752        3425         497       12313.417
       497003425042756        3425         497       12313.417
       497003425042804        3425         497       12313.417
       497003425043296        3425         497       12313.417
       497003425042687        3425         497       12313.417
       497003425042679        3425         497       12313.417
       497003776000034        3776         497       13598.976
       499008626000725        8626         499       12313.417
       499008626000034        8626         499       46.500000
       499008626000737        8626         499       9254.0909
       499008626000735        8626         499       9187.5471
       499008626000742        8626         499       9187.5471
       499008626000741        8626         499       9187.5471
       500013362000034       13362         500       79.090909
       500013362000404       13362         500       12313.417
       500013362000412       13362         500       12313.417
       503001801000034        1801         503       9187.5471
       503022487003185       22487         503       9187.5471
       503022487003193       22487         503       12313.417
       503022487003207       22487         503       12313.417
       503024724000034       24724         503       27297.333
       508000125000556         125         508       9254.0909
       508000125000034         125         508       14.285714
       508011902002625       11902         508       46.500000
       508011902003474       11902         508       9254.0909
       508011902003486       11902         508       9187.5471
       508011902003480       11902         508       9187.5471
       508011902003475       11902         508       9187.5471
       508011902003507       11902         508       12313.417
       508011902003501       11902         508       12313.417
       510001492000034        1492         510       17612.175
