         768
              12000008          12           0       388.66667
            4340002141        4340           0       23.181818
            4340015464        4340           0       13337.644
            4340017647        4340           0       13337.644
            4340016736        4340           0       13337.644
            4340018568        4340           0       13337.644
            4340015462        4340           0       13337.644
            4340014951        4340           0       13337.644
            4340014958        4340           0       13337.644
            4340015474        4340           0       13337.644
            4340015527        4340           0       13337.644
            4340016323        4340           0       13337.644
            4340017664        4340           0       13337.644
            4340014985        4340           0       41802.181
            4340018089        4340           0       41802.181
         1000096000008          96           1       4130.0000
         2021795000008       21795           2       13337.644
         3012717000008       12717           3       96720.591
         4006727000008        6727           4       96720.591
         5014945000008       14945           5       14233.289
         8012933012913       12933           8       14233.289
         8012933011904       12933           8       13337.644
         8012933015915       12933           8       13337.644
         8012933012894       12933           8       13337.644
         8012933011379       12933           8       13337.644
         8012933011381       12933           8       13337.644
         8012933011404       12933           8       13337.644
         8012933011929       12933           8       13337.644
         8012933016982       12933           8       13337.644
         8012933000378       12933           8       23.181818
         8012933014103       12933           8       41802.181
         9000039000008          39           9       4130.0000
         9000039000458          39           9       14233.289
        11000656000008         656          11       16233.389
        12000052020160          52          12       14233.289
        12000052020153          52          12       14233.289
        12000052020641          52          12       14233.289
        12000052023022          52          12       14233.289
        12000052020562          52          12       14233.289
        12000052020567          52          12       14233.289
        12000052021284          52          12       13337.644
        12000052020157          52          12       13337.644
        12000052020120          52          12       13337.644
        12000052020139          52          12       13337.644
        12000052000008          52          12       3.6666667
        12000052020628          52          12       13337.644
        12000052020596          52          12       13337.644
        12000052024723          52          12       13337.644
        12000052024749          52          12       13337.644
        12000052023878          52          12       13337.644
        12000052020161          52          12       13337.644
        12000052022284          52          12       41802.181
        12000052020158          52          12       41802.181
        15011466000008       11466          15       41924.316
        20000001006276           1          20       41802.181
        20000001006294           1          20       13337.644
        20000001006262           1          20       13337.644
        20000001006267           1          20       13337.644
        20000001007008           1          20       13337.644
        20000001000008           1          20       23.181818
        20000001010123           1          20       14233.289
        21000768000008         768          21       16233.389
        23003330029363        3330          23       14233.289
        23003330031321        3330          23       14233.289
        23003330034494        3330          23       14233.289
        23003330034558        3330          23       14233.289
        23003330036030        3330          23       14233.289
        23003330034563        3330          23       13337.644
        23003330036038        3330          23       13337.644
        23003330037021        3330          23       13337.644
        23003330037095        3330          23       13337.644
        23003330039785        3330          23       13337.644
        23003330040953        3330          23       13337.644
        23003330040983        3330          23       13337.644
        23003330031326        3330          23       13337.644
        23003330031357        3330          23       13337.644
        23003330031368        3330          23       13337.644
        23003330031389        3330          23       13337.644
        23003330032845        3330          23       13337.644
        23003330032921        3330          23       13337.644
        23003330032956        3330          23       13337.644
        23003330000008        3330          23       4.5000000
        23003330029331        3330          23       13337.644
        23003330029334        3330          23       13337.644
        23003330029227        3330          23       13337.644
        23003330029228        3330          23       13337.644
        23003330029246        3330          23       13337.644
        23003330029255        3330          23       13337.644
        23003330029270        3330          23       13337.644
        23003330029288        3330          23       13337.644
        23003330029291        3330          23       13337.644
        23003330034524        3330          23       13337.644
        23003330031304        3330          23       13337.644
        23003330040880        3330          23       13337.644
        23003330039739        3330          23       13337.644
        23003330032906        3330          23       13337.644
        23003330039759        3330          23       13337.644
        23003330037039        3330          23       13337.644
        23003330036000        3330          23       13337.644
        23003330031324        3330          23       13337.644
        23003330029364        3330          23       13337.644
        23003330029366        3330          23       13337.644
        23003330032876        3330          23       41802.181
        23003330029310        3330          23       41802.181
        23003330036055        3330          23       96720.591
        32016031001021       16031          32       28288.000
        34019430000008       19430          34       41802.181
        35006911000008        6911          35       1513.2500
        38001579000008        1579          38       41924.316
        44000707000008         707          44       14682.250
        44001694000008        1694          44       28288.000
        45007056000008        7056          45       41802.181
        46018415000008       18415          46       13337.644
        47002107000008        2107          47       1513.2500
        47002186000008        2186          47       7949.5000
        47002186000314        2186          47       13337.644
        51000399000008         399          51       9656.0909
        57000067000008          67          57       1513.2500
        57013029000008       13029          57       9656.0909
        57013029000200       13029          57       14233.289
        58005661000008        5661          58       96720.591
        62000915000008         915          62       41924.316
        63012127000008       12127          63       14682.250
        64000007001293           7          64       14233.289
        64000007000008           7          64       555.75000
        64000007002072           7          64       13337.644
        64000007002278           7          64       13337.644
        66005537000008        5537          66       49973.615
        70003287000008        3287          70       49973.615
        71000312000331         312          71       49973.615
        73014237006707       14237          73       96720.591
        73014237008010       14237          73       96720.591
        73014237006440       14237          73       13337.644
        73014237000008       14237          73       58.916667
        82000629000008         629          82       16233.389
        83000081000008          81          83       3.6666667
        83000081019327          81          83       13337.644
        83000081021579          81          83       13337.644
        83000081021601          81          83       13337.644
        83000081021624          81          83       13337.644
        83000081023725          81          83       13337.644
        83000081018126          81          83       13337.644
        83000081020519          81          83       13337.644
        83000081018014          81          83       13337.644
        83000081018025          81          83       13337.644
        83000081018060          81          83       13337.644
        83000081018062          81          83       13337.644
        83000081018065          81          83       13337.644
        83000081018098          81          83       13337.644
        83000081018111          81          83       13337.644
        83000081018116          81          83       13337.644
        83000081022654          81          83       41802.181
        83000081020506          81          83       41802.181
        83000081018123          81          83       41802.181
        83000081018066          81          83       41802.181
        83000081018071          81          83       41802.181
        89000034000008          34          89       1513.2500
        89003880000008        3880          89       14682.250
        90002867000008        2867          90       28288.000
        93000108014871         108          93       41802.181
        93000108014922         108          93       41802.181
        93000108014921         108          93       41802.181
        93000108015936         108          93       41802.181
        93000108021642         108          93       41802.181
        93000108017130         108          93       14233.289
        93000108020517         108          93       14233.289
        93000108020548         108          93       14233.289
        93000108014823         108          93       14233.289
        93000108014774         108          93       13337.644
        93000108014778         108          93       13337.644
        93000108014792         108          93       13337.644
        93000108017119         108          93       13337.644
        93000108018455         108          93       13337.644
        93000108021634         108          93       13337.644
        93000108014870         108          93       13337.644
        93000108014865         108          93       13337.644
        93000108014864         108          93       13337.644
        93000108014862         108          93       13337.644
        93000108014848         108          93       13337.644
        93000108014845         108          93       13337.644
        93000108014893         108          93       13337.644
        93000108014803         108          93       13337.644
        93000108000008         108          93       3.6666667
        93000108023002         108          93       13337.644
        93000108019730         108          93       13337.644
        93000108018479         108          93       13337.644
        93000108020524         108          93       13337.644
        93000108021676         108          93       13337.644
        95017434000008       17434          95       16233.389
        97021242000008       21242          97       41802.181
       100018558000008       18558         100       28288.000
       108003428027026        3428         108       41802.181
       108003428027082        3428         108       41802.181
       108003428027075        3428         108       41802.181
       108003428027073        3428         108       41802.181
       108003428027880        3428         108       14233.289
       108003428027067        3428         108       13337.644
       108003428027044        3428         108       13337.644
       108003428027043        3428         108       14233.289
       108003428027856        3428         108       13337.644
       108003428028755        3428         108       13337.644
       108003428028767        3428         108       13337.644
       108003428028805        3428         108       13337.644
       108003428028826        3428         108       13337.644
       108003428030380        3428         108       13337.644
       108003428032979        3428         108       13337.644
       108003428028795        3428         108       13337.644
       108003428000008        3428         108       3.6666667
       109000146006300         146         109       13337.644
       109000146012962         146         109       13337.644
       109000146012945         146         109       14233.289
       121003536000008        3536         121       41802.181
       123000085003743          85         123       96720.591
       123000085000044          85         123       58.916667
       123000085006778          85         123       13337.644
       125010256003953       10256         125       49973.615
       126000089044886          89         126       41802.181
       126000089044849          89         126       41802.181
       126000089045749          89         126       41802.181
       126000089044152          89         126       41802.181
       126000089045700          89         126       13337.644
       126000089045734          89         126       13337.644
       126000089044798          89         126       13337.644
       126000089024078          89         126       3.6666667
       126000089044140          89         126       14233.289
       126000089044128          89         126       14233.289
       126000089044125          89         126       14233.289
       126000089044141          89         126       13337.644
       126000089044131          89         126       13337.644
       126000089044129          89         126       13337.644
       126000089044124          89         126       13337.644
       126000089045719          89         126       14233.289
       126000089044841          89         126       14233.289
       126000089044821          89         126       13337.644
       126000089044868          89         126       13337.644
       126000089045780          89         126       13337.644
       127002347000008        2347         127       49973.615
       129005622000008        5622         129       96720.591
       130019845004458       19845         130       14233.289
       130019845000123       19845         130       58.916667
       130019845004460       19845         130       13337.644
       136005245000008        5245         136       14682.250
       137003895000008        3895         137       58.916667
       137003895008184        3895         137       13337.644
       137003895007873        3895         137       41924.316
       137003895008191        3895         137       41802.181
       141006567000008        6567         141       28288.000
       141006695000008        6695         141       49973.615
       144001428000008        1428         144       49973.615
       146008270000008        8270         146       16233.389
       146010343000008       10343         146       49973.615
       146010473000008       10473         146       49973.615
       148000039011104          39         148       41802.181
       148000039011279          39         148       14233.289
       148000039011078          39         148       14233.289
       148000039011862          39         148       14233.289
       148000039012613          39         148       13337.644
       148000039011288          39         148       13337.644
       148000039011089          39         148       13337.644
       148000039011087          39         148       13337.644
       148000039011086          39         148       13337.644
       148000039014892          39         148       13337.644
       148000039000008          39         148       23.181818
       149000112000008         112         149       3069.4286
       150000497000215         497         150       96720.591
       152000068000008          68         152       327.40000
       152000068005161          68         152       13337.644
       152019606000008       19606         152       9656.0909
       153001881000008        1881         153       41924.316
       156009218000008        9218         156       3069.4286
       157000342000008         342         157       16233.389
       159001769000008        1769         159       49973.615
       160000031000008          31         160       555.75000
       162001377000008        1377         162       41924.316
       165002444000008        2444         165       96720.591
       167000129000008         129         167       555.75000
       167000129002327         129         167       13337.644
       167000129002632         129         167       13337.644
       179000096006926          96         179       41924.316
       180023307000008       23307         180       7949.5000
       188004142000008        4142         188       7949.5000
       191025287000008       25287         191       41924.316
       195000097000008          97         195       555.75000
       198000355000008         355         198       9656.0909
       203000139000008         139         203       555.75000
       203000139001781         139         203       13337.644
       203000139001587         139         203       41802.181
       204011693000008       11693         204       1513.2500
       211008907034441        8907         211       58.916667
       211008907040810        8907         211       13337.644
       211008907040788        8907         211       13337.644
       211008907040787        8907         211       13337.644
       211008907040770        8907         211       13337.644
       211008907041173        8907         211       13337.644
       211008907041616        8907         211       13337.644
       211008907042098        8907         211       13337.644
       211025657000008       25657         211       14682.250
       213015311000008       15311         213       16233.389
       215000494000008         494         215       28288.000
       216006984000008        6984         216       28288.000
       217008631000008        8631         217       49973.615
       219000516000139         516         219       28288.000
       222006936000008        6936         222       41924.316
       229006611000008        6611         229       49973.615
       235000105000008         105         235       7949.5000
       235000172000008         172         235       388.66667
       240000032000008          32         240       388.66667
       240000032002009          32         240       13337.644
       240000032002127          32         240       14233.289
       244004930046440        4930         244       14233.289
       244004930047945        4930         244       13337.644
       244004930037228        4930         244       58.916667
       244004930046436        4930         244       13337.644
       244004930046319        4930         244       13337.644
       244004930046320        4930         244       13337.644
       244004930046714        4930         244       41802.181
       244010780000008       10780         244       96720.591
       246006919000008        6919         246       49973.615
       246016016000008       16016         246       41802.181
       247023301000008       23301         247       49973.615
       248000048057633          48         248       41802.181
       248000048058561          48         248       13337.644
       248000048038060          48         248       3.6666667
       248000048057080          48         248       14233.289
       248000048057058          48         248       13337.644
       248000048057056          48         248       13337.644
       248000048057609          48         248       13337.644
       248000048057638          48         248       13337.644
       248000048058541          48         248       13337.644
       248000048059187          48         248       13337.644
       248000048066980          48         248       13337.644
       255001144000008        1144         255       28288.000
       257000192000008         192         257       7949.5000
       257000192000335         192         257       13337.644
       264000054015269          54         264       13337.644
       264000054012313          54         264       13337.644
       264000054012321          54         264       13337.644
       264000054012351          54         264       13337.644
       264000054000008          54         264       3.6666667
       264000054000008          54         264       3.6666667
       264000054015269          54         264       13337.644
       264000054011745          54         264       13337.644
       264000054011745          54         264       13337.644
       264000054011744          54         264       13337.644
       264000054011744          54         264       13337.644
       264000054011737          54         264       13337.644
       264000054011737          54         264       13337.644
       264000054011710          54         264       13337.644
       264000054011710          54         264       13337.644
       264000054011698          54         264       13337.644
       264000054011698          54         264       13337.644
       264000054012313          54         264       13337.644
       264000054012321          54         264       13337.644
       264000054012351          54         264       13337.644
       264000054012893          54         264       13337.644
       264000054012893          54         264       13337.644
       264000054013579          54         264       41802.181
       264000054013579          54         264       41802.181
       265010259000008       10259         265       16233.389
       269004282000008        4282         269       7949.5000
       269004282000250        4282         269       13337.644
       274004231000008        4231         274       388.66667
       276000740000008         740         276       28288.000
       282004950012900        4950         282       41802.181
       282004950015774        4950         282       41802.181
       282004950000008        4950         282       23.181818
       282004950014756        4950         282       13337.644
       282004950012135        4950         282       13337.644
       282004950015752        4950         282       13337.644
       282004950016532        4950         282       13337.644
       282004950013453        4950         282       13337.644
       282004950012212        4950         282       13337.644
       282004950012170        4950         282       13337.644
       282004950012139        4950         282       14233.289
       282004950012140        4950         282       14233.289
       282004950012169        4950         282       14233.289
       282004950013999        4950         282       13337.644
       282004950014011        4950         282       13337.644
       282004950014047        4950         282       13337.644
       283003474000008        3474         283       41924.316
       286000033025784          33         286       41802.181
       286000033024352          33         286       41802.181
       286000033016816          33         286       41802.181
       286000033016859          33         286       41802.181
       286000033016893          33         286       41802.181
       286000033025690          33         286       96720.591
       286000033017686          33         286       13337.644
       286000033016883          33         286       13337.644
       286000033016848          33         286       13337.644
       286000033016801          33         286       13337.644
       286000033016799          33         286       13337.644
       286000033016798          33         286       13337.644
       286000033023436          33         286       13337.644
       286000033017727          33         286       16233.389
       286000033020085          33         286       14233.289
       286000033021018          33         286       14233.289
       286000033025771          33         286       14233.289
       286000033024430          33         286       13337.644
       286000033020095          33         286       13337.644
       286000033017651          33         286       13337.644
       286000033000008          33         286       3.6666667
       292000037000008          37         292       4130.0000
       292000037000348          37         292       13337.644
       292002805000008        2805         292       16233.389
       293000100010592         100         293       14233.289
       293000100010600         100         293       14233.289
       293000100010601         100         293       13337.644
       293000100010595         100         293       13337.644
       293000100011274         100         293       13337.644
       293000100011027         100         293       13337.644
       293000100000008         100         293       58.916667
       293000100011956         100         293       41802.181
       293000100012006         100         293       49973.615
       293002138000008        2138         293       41924.316
       295002951000008        2951         295       14682.250
       296004766000008        4766         296       16233.389
       297005853000081        5853         297       41802.181
       298002070000008        2070         298       41924.316
       299002332000008        2332         299       41924.316
       300003565000008        3565         300       388.66667
       312000118000008         118         312       3069.4286
       312000118000707         118         312       14233.289
       318000082002809          82         318       14233.289
       318000082000008          82         318       388.66667
       320001197000008        1197         320       16233.389
       323007185006592        7185         323       14233.289
       323007185002559        7185         323       13337.644
       323007185000008        7185         323       327.40000
       323007185002154        7185         323       13337.644
       324014448000008       14448         324       23.181818
       324014448010609       14448         324       13337.644
       324014448004848       14448         324       13337.644
       324014448004819       14448         324       13337.644
       324014448004779       14448         324       13337.644
       324014448004776       14448         324       13337.644
       324014448004753       14448         324       13337.644
       329004025024538        4025         329       13337.644
       329004025024597        4025         329       13337.644
       329004025023824        4025         329       13337.644
       329004025023842        4025         329       13337.644
       329004025024493        4025         329       13337.644
       329004025024523        4025         329       14233.289
       329004025000008        4025         329       3.6666667
       329004025024579        4025         329       13337.644
       329004025022676        4025         329       13337.644
       329004025022672        4025         329       13337.644
       329004025026250        4025         329       13337.644
       329004025022727        4025         329       41802.181
       329004025022697        4025         329       41802.181
       329028613000008       28613         329       388.66667
       331002161000008        2161         331       14682.250
       333000078000008          78         333       388.66667
       335003871000008        3871         335       9656.0909
       338001018000008        1018         338       28288.000
       339000073000008          73         339       327.40000
       339000073002289          73         339       13337.644
       340001945000008        1945         340       41924.316
       342014805000008       14805         342       16233.389
       345000078001680          78         345       14233.289
       345000078000008          78         345       555.75000
       346000144000008         144         346       7949.5000
       348009419000008        9419         348       14682.250
       348009419000103        9419         348       13337.644
       353000130000008         130         353       3069.4286
       353014405007183       14405         353       13337.644
       353014405000008       14405         353       23.181818
       353014405012471       14405         353       13337.644
       353014405006359       14405         353       13337.644
       353014405012400       14405         353       13337.644
       353014405005992       14405         353       13337.644
       353014405006890       14405         353       41802.181
       353014405012436       14405         353       96720.591
       357002668000008        2668         357       49973.615
       358018383000008       18383         358       4130.0000
       363023007000008       23007         363       96720.591
       368000020005217          20         368       41802.181
       368000020000008          20         368       58.916667
       368000020002809          20         368       13337.644
       369000535000008         535         369       28288.000
       372000661000008         661         372       16233.389
       374019281013474       19281         374       13337.644
       374019281013888       19281         374       14233.289
       374019281013880       19281         374       14233.289
       374019281014291       19281         374       13337.644
       374019281015283       19281         374       13337.644
       374019281018594       19281         374       13337.644
       374019281018930       19281         374       13337.644
       374019281000008       19281         374       23.181818
       374019281013884       19281         374       13337.644
       374019281014281       19281         374       13337.644
       374019292000008       19292         374       1513.2500
       378000490000008         490         378       14682.250
       381020211000008       20211         381       13337.644
       382000173000008         173         382       555.75000
       386003994000008        3994         386       49973.615
       386020737000008       20737         386       7949.5000
       387000108005027         108         387       555.75000
       387019427000008       19427         387       49973.615
       388009799133530        9799         388       41802.181
       388009799120193        9799         388       41802.181
       388009799097868        9799         388       3.6666667
       388009799097868        9799         388       3.6666667
       388009799116484        9799         388       13337.644
       388009799116463        9799         388       13337.644
       388009799116462        9799         388       13337.644
       388009799120179        9799         388       13337.644
       388009799129834        9799         388       13337.644
       388009799119004        9799         388       13337.644
       388009799119004        9799         388       13337.644
       388009799131222        9799         388       13337.644
       388009799117805        9799         388       13337.644
       388009799116462        9799         388       13337.644
       388009799116463        9799         388       13337.644
       388009799116484        9799         388       13337.644
       388009799117805        9799         388       13337.644
       388009799117820        9799         388       13337.644
       388009799117820        9799         388       13337.644
       388009799120235        9799         388       13337.644
       388009799131246        9799         388       13337.644
       388009799132394        9799         388       13337.644
       388009799116489        9799         388       14233.289
       388009799117802        9799         388       14233.289
       388009799116489        9799         388       14233.289
       388009799117802        9799         388       14233.289
       388009835002311        9835         388       9656.0909
       388010063000008       10063         388       9656.0909
       394006874000008        6874         394       96720.591
       395000153000008         153         395       4130.0000
       398001457000008        1457         398       49973.615
       399011221000008       11221         399       555.75000
       399011221001035       11221         399       13337.644
       401013126000008       13126         401       9656.0909
       403000067002894          67         403       13337.644
       403000067000008          67         403       388.66667
       403000067002988          67         403       13337.644
       403000067002793          67         403       13337.644
       407022829000008       22829         407       9656.0909
       411000165024912         165         411       23.181818
       411000165044177         165         411       13337.644
       411000165042426         165         411       13337.644
       411000165043578         165         411       13337.644
       411000165043588         165         411       14233.289
       411000165040965         165         411       28288.000
       416000099000008          99         416       3069.4286
       416001979000008        1979         416       41924.316
       417000481000008         481         417       14682.250
       418000071001636          71         418       13337.644
       418000071001640          71         418       13337.644
       418000071000008          71         418       555.75000
       418000083000008          83         418       1513.2500
       418000083001098          83         418       14233.289
       418030354000008       30354         418       14233.289
       421001323000008        1323         421       49973.615
       422007230000008        7230         422       4130.0000
       427000652000008         652         427       16233.389
       428001665000050        1665         428       14233.289
       428001665000008        1665         428       41924.316
       429000104049224         104         429       14233.289
       429000104048936         104         429       14233.289
       429000104049615         104         429       13337.644
       429000104042815         104         429       58.916667
       429000104049406         104         429       13337.644
       429000104048933         104         429       13337.644
       429000623000008         623         429       16233.389
       429016468005957       16468         429       13337.644
       429016468005569       16468         429       13337.644
       429016468006329       16468         429       13337.644
       429016468000008       16468         429       58.916667
       429016468005539       16468         429       41802.181
       431000183030737         183         431       96720.591
       431000183012562         183         431       3.6666667
       431000183029408         183         431       13337.644
       431000183026094         183         431       13337.644
       431000183026117         183         431       13337.644
       431000183026953         183         431       13337.644
       431000183025214         183         431       13337.644
       431000183025213         183         431       13337.644
       431000183025207         183         431       13337.644
       431000183025156         183         431       13337.644
       431000183025140         183         431       13337.644
       431000183025118         183         431       13337.644
       431000183026115         183         431       13337.644
       431000183027549         183         431       13337.644
       431000183029991         183         431       13337.644
       431000183030711         183         431       13337.644
       431000183027587         183         431       14233.289
       431000183025182         183         431       14233.289
       431001837000008        1837         431       28288.000
       434001788000008        1788         434       41924.316
       435001988000008        1988         435       41924.316
       436017494022218       17494         436       41802.181
       436017494022183       17494         436       41802.181
       436017494019768       17494         436       41802.181
       436017494019758       17494         436       41802.181
       436017494022183       17494         436       41802.181
       436017494022218       17494         436       41802.181
       436017494025505       17494         436       41802.181
       436017494019758       17494         436       41802.181
       436017494019768       17494         436       41802.181
       436017494019693       17494         436       14233.289
       436017494019721       17494         436       14233.289
       436017494019693       17494         436       14233.289
       436017494023254       17494         436       14233.289
       436017494023187       17494         436       14233.289
       436017494019721       17494         436       14233.289
       436017494022198       17494         436       13337.644
       436017494022198       17494         436       13337.644
       436017494020898       17494         436       13337.644
       436017494020898       17494         436       13337.644
       436017494022163       17494         436       13337.644
       436017494022163       17494         436       13337.644
       436017494023191       17494         436       13337.644
       436017494025411       17494         436       13337.644
       436017494025538       17494         436       13337.644
       436017494023205       17494         436       13337.644
       436017494019770       17494         436       13337.644
       436017494019725       17494         436       13337.644
       436017494019694       17494         436       13337.644
       436017494019706       17494         436       13337.644
       436017494019707       17494         436       13337.644
       436017494019717       17494         436       13337.644
       436017494024728       17494         436       13337.644
       436017494019770       17494         436       13337.644
       436017494019725       17494         436       13337.644
       436017494019717       17494         436       13337.644
       436017494019707       17494         436       13337.644
       436017494019706       17494         436       13337.644
       436017494019694       17494         436       13337.644
       436017494000008       17494         436       3.6666667
       436017494000008       17494         436       3.6666667
       436017494087873       17494         436       555.75000
       438000123000008         123         438       58.916667
       438000123013877         123         438       13337.644
       438000123012810         123         438       13337.644
       438000123010073         123         438       13337.644
       438000123010086         123         438       13337.644
       438000123010112         123         438       13337.644
       438000123011370         123         438       13337.644
       438000123013919         123         438       13337.644
       438000123010708         123         438       14233.289
       438000123013940         123         438       49973.615
       444000251000008         251         444       9656.0909
       450002934000008        2934         450       16233.389
       450011250000008       11250         450       41802.181
       460000070001775          70         460       13337.644
       460000070000008          70         460       555.75000
       460002031000008        2031         460       41924.316
       462000233000008         233         462       4130.0000
       463000685000008         685         463       14682.250
       466018216034961       18216         466       14233.289
       466018216031692       18216         466       14233.289
       466018216031705       18216         466       14233.289
       466018216034972       18216         466       13337.644
       466018216034986       18216         466       13337.644
       466018216035519       18216         466       13337.644
       466018216035533       18216         466       13337.644
       466018216033650       18216         466       13337.644
       466018216019486       18216         466       3.6666667
       466018216033575       18216         466       13337.644
       466018216033624       18216         466       13337.644
       466018216034543       18216         466       13337.644
       466018216033667       18216         466       41802.181
       466018216031707       18216         466       41802.181
       467001237000008        1237         467       28288.000
       470000577000008         577         470       14682.250
       471000183025585         183         471       14233.289
       471000183025585         183         471       14233.289
       471000183022257         183         471       14233.289
       471000183024177         183         471       14233.289
       471000183024177         183         471       14233.289
       471000183022258         183         471       13337.644
       471000183024186         183         471       13337.644
       471000183024186         183         471       13337.644
       471000183024195         183         471       13337.644
       471000183024766         183         471       13337.644
       471000183024766         183         471       13337.644
       471000183025565         183         471       13337.644
       471000183022257         183         471       14233.289
       471000183022186         183         471       13337.644
       471000183022199         183         471       13337.644
       471000183025565         183         471       13337.644
       471000183024195         183         471       13337.644
       471000183024720         183         471       13337.644
       471000183024172         183         471       13337.644
       471000183024720         183         471       13337.644
       471000183022258         183         471       13337.644
       471000183022199         183         471       13337.644
       471000183022186         183         471       13337.644
       471000183026339         183         471       13337.644
       471000183026339         183         471       13337.644
       471000183001823         183         471       3.6666667
       471000183001823         183         471       3.6666667
       471000183024172         183         471       13337.644
       471000183022234         183         471       41802.181
       471000183029226         183         471       41802.181
       471000183022234         183         471       41802.181
       471000183022263         183         471       41802.181
       471000183022263         183         471       41802.181
       471000183022236         183         471       96720.591
       471000183029087         183         471       96720.591
       471000183022236         183         471       96720.591
       475020433000008       20433         475       3069.4286
       478010218000008       10218         478       96720.591
       479000137000008         137         479       4130.0000
       479002343039481        2343         479       13337.644
       479002343000008        2343         479       4.5000000
       479002343026673        2343         479       13337.644
       479002343026674        2343         479       13337.644
       479002343026688        2343         479       13337.644
       479002343037518        2343         479       13337.644
       479002343037586        2343         479       13337.644
       479002343026750        2343         479       13337.644
       479002343028142        2343         479       13337.644
       479002343029831        2343         479       13337.644
       479002343028101        2343         479       13337.644
       479002343028175        2343         479       13337.644
       479002343029764        2343         479       13337.644
       479002343041627        2343         479       13337.644
       479002343041692        2343         479       13337.644
       479002343028128        2343         479       13337.644
       479002343026740        2343         479       14233.289
       479002343029776        2343         479       96720.591
       479002343028144        2343         479       41802.181
       479002343029803        2343         479       41802.181
       479002343037552        2343         479       41802.181
       479002343026712        2343         479       41802.181
       479002343039518        2343         479       96720.591
       479003740000008        3740         479       28288.000
       486016174000008       16174         486       28288.000
       490015700000008       15700         490       16233.389
       491000143000008         143         491       1513.2500
       491000143001193         143         491       41802.181
       492000146000008         146         492       3069.4286
       497003529000008        3529         497       4130.0000
       498000300000476         300         498       49973.615
       498019824018968       19824         498       23.181818
       498019824029050       19824         498       13337.644
       498019824028271       19824         498       14233.289
       498023191000008       23191         498       49973.615
       500015961000008       15961         500       49973.615
       502002164004972        2164         502       41802.181
       502002164004985        2164         502       13337.644
       502002164000008        2164         502       327.40000
       503000195000008         195         503       58.916667
       503000195005094         195         503       13337.644
       503000195005093         195         503       13337.644
       503000195005085         195         503       13337.644
       503000195005074         195         503       13337.644
       503000195005251         195         503       41802.181
       503004596000008        4596         503       49973.615
       507000549000008         549         507       9656.0909
       508000129000008         129         508       327.40000
       508000129003626         129         508       13337.644
       508000129004794         129         508       13337.644
       508000129003652         129         508       14233.289
       508000129003725         129         508       14233.289
       508000129004614         129         508       41802.181
       508000129003729         129         508       41802.181
       508026345000008       26345         508       41802.181
       511000153008317         153         511       41802.181
       511000153008283         153         511       41802.181
       511000153009066         153         511       13337.644
       511000153010664         153         511       13337.644
       511000153008260         153         511       13337.644
       511000153009202         153         511       13337.644
       511000153008576         153         511       13337.644
       511000153000008         153         511       23.181818
       511007091000008        7091         511       49973.615
