         361
     40000000000000023           0          40       14.628571
     40000000000080127           0          40       1505.5448
     40000005000000023           5          40       138.90370
     40000011000000023          11          40       211.62667
     40000013000000023          13          40       324.14118
     40000093000000023          93          40       1137.4933
     40000160000000023         160          40       1505.5448
     41000082000000023          82          41       1137.4933
     41000097000000023          97          41       1505.5448
     41000199000000023         199          41       1505.5448
     42000000000591331           0          42       1505.5448
     42000000000591331           0          42       1505.5448
     42000000001018154           0          42       1505.5448
     42000000000721597           0          42       138.90370
     42000000000184393           0          42       115.20000
     42000000000172365           0          42       138.90370
     42000000000478480           0          42       11.200000
     42000000000478480           0          42       11.200000
     42000000000750295           0          42       14.628571
     42000000000000023           0          42       29.257143
     42000000000377125           0          42       29.257143
     42000000000693932           0          42       105.14286
     42000005000000023           5          42       211.62667
     42000007000004528           7          42       587.52000
     42000047000000023          47          42       700.58667
     42000055000000023          55          42       700.58667
     42000076000000023          76          42       1505.5448
     42000190000000023         190          42       1505.5448
     43000000000000023           0          43       11.200000
     43000020000000023          20          43       587.52000
     44000000000262582           0          44       700.58667
     44000000000947796           0          44       700.58667
     44000000000318003           0          44       105.14286
     44000000000000023           0          44       14.628571
     44000000000368436           0          44       211.62667
     44000000000408077           0          44       211.62667
     44000000000432331           0          44       211.62667
     44000000000719183           0          44       138.90370
     44000000000113247           0          44       138.90370
     44000000000923073           0          44       1505.5448
     44000009000000023           9          44       211.62667
     44000068000000023          68          44       700.58667
     45000000000000023           0          45       29.257143
     45000000000214731           0          45       105.14286
     45000000000249782           0          45       105.14286
     45000000000168878           0          45       1505.5448
     45000000000299749           0          45       1137.4933
     45000004000000023           4          45       138.90370
     45000013000000023          13          45       324.14118
     45000030000000023          30          45       700.58667
     45000047000000023          47          45       1137.4933
     45000153000000023         153          45       1505.5448
     46000000000354373           0          46       138.90370
     46000000000000023           0          46       11.200000
     46000000000158480           0          46       587.52000
     46000012000000023          12          46       324.14118
     46000022000000023          22          46       324.14118
     46000094000000023          94          46       1137.4933
     47000000000041153           0          47       1505.5448
     47000000000487024           0          47       211.62667
     47000000000352900           0          47       587.52000
     47000000000000023           0          47       11.200000
     47000000000277143           0          47       115.20000
     47000000000151371           0          47       81.920000
     47000002000011007           2          47       587.52000
     47000003000000023           3          47       138.90370
     47000006000000023           6          47       138.90370
     47000011000000023          11          47       324.14118
     47000016000000023          16          47       700.58667
     47000033000000023          33          47       587.52000
     47000040000000023          40          47       587.52000
     47000113000000023         113          47       1137.4933
     47000115000000023         115          47       1505.5448
     47000120000000023         120          47       1505.5448
     47000158000000023         158          47       1505.5448
     47000206000000023         206          47       1505.5448
     48000000000180846           0          48       1137.4933
     48000000000169883           0          48       115.20000
     48000000000000023           0          48       14.628571
     48000015000000023          15          48       324.14118
     48000023000002181          23          48       1137.4933
     48000064000000023          64          48       700.58667
     48000087000000023          87          48       1505.5448
     48000132000000023         132          48       1137.4933
     48000167000000023         167          48       1505.5448
     49000000000000023           0          49       11.200000
     49000045000000023          45          49       700.58667
     49000046000000023          46          49       700.58667
     49000060000000023          60          49       700.58667
     49000079000000023          79          49       1137.4933
     49000083000000023          83          49       1137.4933
     49000093000000023          93          49       1137.4933
     49000107000000023         107          49       1137.4933
     50000000000000023           0          50       11.200000
     50000000000000023           0          50       11.200000
     50000002000027085           2          50       700.58667
     50000010000000023          10          50       324.14118
     50000038000000023          38          50       587.52000
     50000085000000023          85          50       1505.5448
     50000216000000023         216          50       1505.5448
     51000000000347900           0          51       324.14118
     51000000000142534           0          51       81.920000
     51000000000126727           0          51       105.14286
     51000000000000023           0          51       29.257143
     51000000000335852           0          51       115.20000
     51000002000000023           2          51       115.20000
     51000002000018738           2          51       587.52000
     51000003000010002           3          51       211.62667
     51000010000000023          10          51       211.62667
     51000022000001193          22          51       324.14118
     51000035000000023          35          51       700.58667
     51000051000000023          51          51       700.58667
     51000066000000023          66          51       700.58667
     51000075000000023          75          51       1137.4933
     51000077000000023          77          51       1137.4933
     52000000000086987           0          52       138.90370
     52000016000000023          16          52       324.14118
     52000023000000023          23          52       1137.4933
     52000032000000023          32          52       587.52000
     52000033000000023          33          52       587.52000
     52000067000000023          67          52       1137.4933
     52000067000000023          67          52       1137.4933
     52000119000000023         119          52       1505.5448
     52000126000000023         126          52       1505.5448
     52000144000000023         144          52       1137.4933
     52000164000000023         164          52       1505.5448
     53000000000365459           0          53       1505.5448
     53000000000000023           0          53       14.628571
     53000000000000023           0          53       14.628571
     53000001000000023           1          53       81.920000
     53000001000035084           1          53       1505.5448
     53000005000000023           5          53       115.20000
     53000013000000023          13          53       324.14118
     53000044000000023          44          53       700.58667
     53000051000000392          51          53       1505.5448
     53000063000000023          63          53       700.58667
     53000124000000023         124          53       1505.5448
     54000000000000023           0          54       11.200000
     54000000000000023           0          54       11.200000
     54000001000000023           1          54       81.920000
     54000006000000023           6          54       138.90370
     54000010000000023          10          54       324.14118
     54000072000000023          72          54       700.58667
     54000076000000023          76          54       1137.4933
     55000000000000023           0          55       29.257143
     55000000000173947           0          55       29.257143
     55000001000000023           1          55       105.14286
     55000009000000023           9          55       211.62667
     55000025000000023          25          55       700.58667
     55000057000000023          57          55       1137.4933
     55000078000000023          78          55       1505.5448
     55000130000000023         130          55       1505.5448
     55000178000000023         178          55       1505.5448
     55000203000000023         203          55       1505.5448
     56000000000000023           0          56       29.257143
     56000000000172812           0          56       138.90370
     56000009000000023           9          56       211.62667
     56000033000000023          33          56       587.52000
     56000034000001300          34          56       1505.5448
     56000046000000023          46          56       700.58667
     56000051000000023          51          56       1137.4933
     56000081000000023          81          56       1137.4933
     56000135000000023         135          56       1505.5448
     56000146000000023         146          56       1505.5448
     57000000000156954           0          57       1137.4933
     57000000000000023           0          57       14.628571
     57000007000000023           7          57       324.14118
     57000009000000023           9          57       211.62667
     57000014000001396          14          57       700.58667
     57000031000000023          31          57       587.52000
     57000097000000023          97          57       1137.4933
     57000153000000023         153          57       1505.5448
     58000000000292859           0          58       211.62667
     58000000000000023           0          58       11.200000
     58000001000000023           1          58       105.14286
     58000002000000023           2          58       115.20000
     58000003000000023           3          58       211.62667
     58000007000000023           7          58       138.90370
     58000016000000023          16          58       324.14118
     58000017000001249          17          58       1505.5448
     58000026000000023          26          58       324.14118
     58000027000000023          27          58       587.52000
     58000056000000023          56          58       700.58667
     58000065000000023          65          58       700.58667
     59000000000216400           0          59       324.14118
     59000000000275691           0          59       105.14286
     59000000000412270           0          59       29.257143
     59000002000000023           2          59       138.90370
     59000088000000023          88          59       1505.5448
     60000000000176987           0          60       115.20000
     60000000000120168           0          60       700.58667
     60000003000000023           3          60       115.20000
     60000004000005203           4          60       700.58667
     60000006000006510           6          60       211.62667
     60000007000000023           7          60       211.62667
     60000011000000776          11          60       587.52000
     60000027000000023          27          60       324.14118
     61000000000363288           0          61       1137.4933
     61000000000608676           0          61       700.58667
     61000000000000023           0          61       14.628571
     61000000000515526           0          61       29.257143
     61000000000515526           0          61       29.257143
     61000000000457651           0          61       81.920000
     61000000000236099           0          61       81.920000
     61000000000315110           0          61       211.62667
     61000000000190089           0          61       1505.5448
     61000006000000023           6          61       138.90370
     61000055000000023          55          61       1137.4933
     61000150000000023         150          61       1505.5448
     62000000000085485           0          62       1505.5448
     62000000000000023           0          62       11.200000
     62000001000000023           1          62       81.920000
     62000003000000023           3          62       115.20000
     62000004000000023           4          62       138.90370
     62000047000000023          47          62       700.58667
     62000056000000023          56          62       1137.4933
     63000000000172644           0          63       138.90370
     63000005000000023           5          63       211.62667
     63000010000000023          10          63       211.62667
     63000016000002093          16          63       1505.5448
     64000000000348322           0          64       81.920000
     64000000000000023           0          64       14.628571
     64000000000138314           0          64       14.628571
     64000000000214337           0          64       1137.4933
     64000000000206813           0          64       700.58667
     64000000000223528           0          64       700.58667
     64000004000000023           4          64       211.62667
     64000007000000023           7          64       138.90370
     64000013000000023          13          64       211.62667
     64000016000000023          16          64       211.62667
     64000133000000023         133          64       1137.4933
     65000000000228829           0          65       115.20000
     65000004000000023           4          65       211.62667
     65000005000000023           5          65       138.90370
     65000025000000023          25          65       587.52000
     65000085000000023          85          65       1137.4933
     65000172000000023         172          65       1505.5448
     66000000000123365           0          66       587.52000
     66000000000000023           0          66       14.628571
     66000000000150577           0          66       105.14286
     66000021000000023          21          66       324.14118
     66000021000000023          21          66       324.14118
     66000036000000023          36          66       587.52000
     66000067000000023          67          66       1137.4933
     66000068000000023          68          66       700.58667
     67000000000099660           0          67       324.14118
     67000000000126176           0          67       81.920000
     67000000000000023           0          67       11.200000
     67000000000165246           0          67       138.90370
     67000001000000023           1          67       81.920000
     67000004000007192           4          67       324.14118
     67000008000000023           8          67       211.62667
     67000116000000023         116          67       1505.5448
     67000120000000023         120          67       1505.5448
     68000000000000023           0          68       11.200000
     68000002000000023           2          68       105.14286
     68000004000000023           4          68       115.20000
     68000012000000023          12          68       324.14118
     68000019000000023          19          68       324.14118
     68000023000000023          23          68       324.14118
     68000028000000023          28          68       587.52000
     68000114000000023         114          68       1137.4933
     68000156000000023         156          68       1505.5448
     69000000000000023           0          69       11.200000
     69000000000000023           0          69       11.200000
     69000007000000023           7          69       138.90370
     69000012000002589          12          69       587.52000
     69000026000000023          26          69       700.58667
     69000046000000023          46          69       1137.4933
     69000067000000023          67          69       1137.4933
     70000000000370469           0          70       1137.4933
     70000000000133752           0          70       700.58667
     70000000000161877           0          70       115.20000
     70000000000171049           0          70       115.20000
     70000001000000023           1          70       115.20000
     70000017000000023          17          70       324.14118
     70000045000000023          45          70       700.58667
     70000086000000023          86          70       1505.5448
     70000107000000023         107          70       1137.4933
     70000155000000023         155          70       1505.5448
     71000000000328705           0          71       138.90370
     71000000000000023           0          71       14.628571
     71000000000000023           0          71       14.628571
     71000000000153571           0          71       29.257143
     71000013000000023          13          71       587.52000
     71000014000000023          14          71       211.62667
     71000015000000023          15          71       324.14118
     71000056000000023          56          71       1137.4933
     71000069000000023          69          71       1137.4933
     71000099000000023          99          71       1505.5448
     72000019000000023          19          72       324.14118
     72000022000000023          22          72       587.52000
     72000053000000023          53          72       700.58667
     73000000000354913           0          73       587.52000
     73000000000000023           0          73       14.628571
     73000000000000023           0          73       14.628571
     73000000000065048           0          73       105.14286
     73000000000332277           0          73       1505.5448
     73000002000000023           2          73       211.62667
     73000005000000023           5          73       138.90370
     73000026000000023          26          73       587.52000
     73000035000000023          35          73       587.52000
     73000046000000023          46          73       1137.4933
     73000094000000023          94          73       1137.4933
     73000109000000023         109          73       1505.5448
     73000272000000023         272          73       1505.5448
     74000000000090892           0          74       324.14118
     74000002000000023           2          74       115.20000
     74000006000000023           6          74       324.14118
     74000027000000023          27          74       587.52000
     74000061000000023          61          74       700.58667
     74000072000000023          72          74       1137.4933
     75000000000114129           0          75       700.58667
     75000008000000023           8          75       211.62667
     75000060000000023          60          75       700.58667
     75000130000000023         130          75       1505.5448
     76000000000258139           0          76       324.14118
     76000000000000023           0          76       14.628571
     76000001000000023           1          76       105.14286
     76000003000000023           3          76       138.90370
     76000005000000023           5          76       211.62667
     76000008000003954           8          76       324.14118
     76000025000000023          25          76       587.52000
     76000027000001594          27          76       700.58667
     76000044000000023          44          76       700.58667
     76000047000000023          47          76       700.58667
     76000143000000023         143          76       1505.5448
     77000000000000023           0          77       14.628571
     77000000000000023           0          77       14.628571
     77000003000000023           3          77       138.90370
     77000004000000023           4          77       211.62667
     77000005000000023           5          77       138.90370
     77000016000000023          16          77       587.52000
     77000026000000023          26          77       587.52000
     77000037000000023          37          77       587.52000
     77000051000000023          51          77       700.58667
     77000067000000023          67          77       700.58667
     77000142000000023         142          77       1505.5448
     78000000000331300           0          78       700.58667
     78000000000000023           0          78       29.257143
     78000000000000023           0          78       29.257143
     78000000000118218           0          78       29.257143
     78000002000000023           2          78       115.20000
     78000012000000023          12          78       324.14118
     78000097000000023          97          78       1137.4933
     78000175000000023         175          78       1505.5448
     79000000000046474           0          79       105.14286
     79000000000188054           0          79       105.14286
     79000000000000023           0          79       14.628571
     79000008000000023           8          79       324.14118
     79000010000000023          10          79       211.62667
     79000013000000023          13          79       324.14118
     79000054000000023          54          79       700.58667
     79000148000000023         148          79       1505.5448
     80000000000145819           0          80       138.90370
     80000000000099798           0          80       14.628571
     80000000000201567           0          80       14.628571
     80000055000000023          55          80       700.58667
     80000060000000023          60          80       1137.4933
     80000062000000023          62          80       1137.4933
     80000108000000023         108          80       1505.5448
