         375
     40000005000000030           5          40       116.57143
     40000011000000030          11          40       328.10667
     40000013000000030          13          40       481.21081
     41000000000021494           0          41       795.67059
     41000000000000030           0          41       12.800000
     41000062000000030          62          41       795.67059
     41000082000000030          82          41       1631.3143
     41000097000000030          97          41       1631.3143
     42000000000221172           0          42       688.35556
     42000000000478487           0          42       15.753846
     42000000000478487           0          42       15.753846
     42000000000750302           0          42       15.753846
     42000000000000030           0          42       32.711111
     42000000000172372           0          42       116.57143
     42000000000184400           0          42       116.57143
     42000000000721604           0          42       231.38462
     42000000000693939           0          42       82.488889
     42000000000377132           0          42       82.488889
     42000005000000030           5          42       231.38462
     42000007000004535           7          42       481.21081
     42000047000000030          47          42       795.67059
     42000055000000030          55          42       795.67059
     42000076000000030          76          42       1631.3143
     42000128000000030         128          42       1631.3143
     43000000000000030           0          43       12.800000
     43000020000000030          20          43       688.35556
     43000106000000030         106          43       1631.3143
     44000000000947803           0          44       688.35556
     44000000000262589           0          44       795.67059
     44000000000432338           0          44       328.10667
     44000000000261187           0          44       688.35556
     44000000000368443           0          44       231.38462
     44000000000408084           0          44       231.38462
     44000000000719190           0          44       231.38462
     44000000000319942           0          44       116.57143
     44000000000113254           0          44       116.57143
     44000000000318010           0          44       82.488889
     44000009000000030           9          44       328.10667
     45000000000000030           0          45       63.200000
     45000000000214738           0          45       63.200000
     45000000000249789           0          45       63.200000
     45000000000299756           0          45       1631.3143
     45000000000168885           0          45       1631.3143
     45000004000000030           4          45       231.38462
     45000013000000030          13          45       481.21081
     45000030000000030          30          45       795.67059
     45000047000000030          47          45       795.67059
     46000000000158487           0          46       481.21081
     46000000000354380           0          46       116.57143
     46000000000000030           0          46       12.800000
     46000012000000030          12          46       328.10667
     46000022000000030          22          46       688.35556
     46000094000000030          94          46       795.67059
     47000000000041160           0          47       795.67059
     47000000000352907           0          47       688.35556
     47000000000487031           0          47       688.35556
     47000000000000030           0          47       12.800000
     47000000000235383           0          47       1631.3143
     47000000000151378           0          47       82.488889
     47000000000277150           0          47       82.488889
     47000000000203977           0          47       1631.3143
     47000002000011014           2          47       481.21081
     47000006000000030           6          47       328.10667
     47000011000000030          11          47       328.10667
     47000015000000962          15          47       1631.3143
     47000016000000030          16          47       688.35556
     47000033000000030          33          47       481.21081
     47000040000000030          40          47       688.35556
     47000113000000030         113          47       1631.3143
     47000158000000030         158          47       1631.3143
     48000000000180853           0          48       795.67059
     48000000000169890           0          48       116.57143
     48000000000000030           0          48       15.753846
     48000013000001246          13          48       688.35556
     48000015000000030          15          48       328.10667
     48000064000000030          64          48       795.67059
     48000087000000030          87          48       1631.3143
     48000132000000030         132          48       1631.3143
     48000167000000030         167          48       1631.3143
     49000000000000030           0          49       12.800000
     49000045000000030          45          49       688.35556
     49000046000000030          46          49       795.67059
     49000048000000030          48          49       688.35556
     49000060000000030          60          49       1631.3143
     49000079000000030          79          49       795.67059
     49000083000000030          83          49       795.67059
     49000093000000030          93          49       1631.3143
     50000000000000030           0          50       15.753846
     50000000000000030           0          50       15.753846
     50000000000165386           0          50       1631.3143
     50000002000027092           2          50       688.35556
     50000010000000030          10          50       481.21081
     50000038000000030          38          50       688.35556
     50000085000000030          85          50       1631.3143
     51000000000347907           0          51       481.21081
     51000000000000030           0          51       32.711111
     51000000000126734           0          51       116.57143
     51000000000335859           0          51       116.57143
     51000000000237376           0          51       82.488889
     51000000000011793           0          51       82.488889
     51000000000142541           0          51       63.200000
     51000002000000030           2          51       231.38462
     51000002000018745           2          51       688.35556
     51000003000010009           3          51       328.10667
     51000010000000030          10          51       328.10667
     51000022000001200          22          51       481.21081
     51000035000000030          35          51       795.67059
     51000051000000030          51          51       688.35556
     51000066000000030          66          51       795.67059
     51000075000000030          75          51       795.67059
     51000077000000030          77          51       795.67059
     52000000000086994           0          52       231.38462
     52000000000061484           0          52       82.488889
     52000016000000030          16          52       328.10667
     52000023000000030          23          52       795.67059
     52000032000000030          32          52       795.67059
     52000033000000030          33          52       481.21081
     52000067000000030          67          52       795.67059
     52000067000000030          67          52       795.67059
     52000119000000030         119          52       1631.3143
     52000126000000030         126          52       1631.3143
     52000144000000030         144          52       1631.3143
     52000164000000030         164          52       1631.3143
     53000000000000030           0          53       32.711111
     53000000000000030           0          53       32.711111
     53000001000000030           1          53       63.200000
     53000001000035091           1          53       1631.3143
     53000003000000030           3          53       231.38462
     53000005000000030           5          53       116.57143
     53000013000000030          13          53       481.21081
     53000044000000030          44          53       688.35556
     53000051000000399          51          53       1631.3143
     53000063000000030          63          53       795.67059
     54000000000000030           0          54       32.711111
     54000000000000030           0          54       32.711111
     54000001000000030           1          54       82.488889
     54000006000000030           6          54       231.38462
     54000007000002148           7          54       795.67059
     54000010000000030          10          54       481.21081
     54000072000000030          72          54       795.67059
     54000076000000030          76          54       795.67059
     54000108000000345         108          54       1631.3143
     55000000000000030           0          55       32.711111
     55000000000173954           0          55       32.711111
     55000000000094774           0          55       795.67059
     55000001000000030           1          55       82.488889
     55000009000000030           9          55       481.21081
     55000057000000030          57          55       795.67059
     55000078000000030          78          55       1631.3143
     56000000000172819           0          56       116.57143
     56000000000000030           0          56       63.200000
     56000009000000030           9          56       328.10667
     56000033000000030          33          56       688.35556
     56000034000001307          34          56       1631.3143
     56000046000000030          46          56       688.35556
     56000051000000030          51          56       1631.3143
     56000081000000030          81          56       795.67059
     56000087000000030          87          56       1631.3143
     56000146000000030         146          56       1631.3143
     57000000000000030           0          57       12.800000
     57000007000000030           7          57       328.10667
     57000009000000030           9          57       231.38462
     57000014000001403          14          57       795.67059
     57000031000000030          31          57       481.21081
     58000000000292866           0          58       328.10667
     58000000000000030           0          58       12.800000
     58000000000146538           0          58       63.200000
     58000001000000030           1          58       116.57143
     58000002000000030           2          58       116.57143
     58000003000000030           3          58       231.38462
     58000007000000030           7          58       231.38462
     58000011000001059          11          58       688.35556
     58000016000000030          16          58       481.21081
     58000026000000030          26          58       481.21081
     58000027000000030          27          58       481.21081
     58000056000000030          56          58       795.67059
     58000058000000030          58          58       795.67059
     58000065000000030          65          58       795.67059
     59000000000216407           0          59       328.10667
     59000000000248373           0          59       82.488889
     59000000000275698           0          59       82.488889
     59000000000412277           0          59       32.711111
     59000000000248373           0          59       82.488889
     59000002000000030           2          59       231.38462
     59000004000002224           4          59       688.35556
     60000000000176994           0          60       116.57143
     60000000000120175           0          60       795.67059
     60000003000000030           3          60       116.57143
     60000004000005210           4          60       795.67059
     60000006000006517           6          60       328.10667
     60000007000000030           7          60       328.10667
     60000011000000783          11          60       481.21081
     60000027000000030          27          60       688.35556
     60000033000000030          33          60       688.35556
     61000000000315117           0          61       328.10667
     61000000000290261           0          61       231.38462
     61000000000000030           0          61       32.711111
     61000000000236106           0          61       63.200000
     61000000000457658           0          61       63.200000
     61000000000515533           0          61       32.711111
     61000000000515533           0          61       32.711111
     61000000000608683           0          61       795.67059
     61000000000190096           0          61       1631.3143
     61000006000000030           6          61       231.38462
     61000055000000030          55          61       795.67059
     62000000000085492           0          62       1631.3143
     62000000000000030           0          62       15.753846
     62000001000000030           1          62       82.488889
     62000001000000030           1          62       82.488889
     62000002000000030           2          62       116.57143
     62000003000000030           3          62       82.488889
     62000004000000030           4          62       116.57143
     62000047000000030          47          62       795.67059
     62000056000000030          56          62       795.67059
     63000000000172651           0          63       116.57143
     63000004000002160           4          63       1631.3143
     63000005000000030           5          63       231.38462
     63000010000000030          10          63       481.21081
     63000060000000030          60          63       688.35556
     64000000000000030           0          64       32.711111
     64000000000059387           0          64       63.200000
     64000000000138321           0          64       63.200000
     64000000000348329           0          64       82.488889
     64000000000214344           0          64       795.67059
     64000000000223535           0          64       795.67059
     64000000000206820           0          64       1631.3143
     64000004000000030           4          64       328.10667
     64000007000000030           7          64       231.38462
     64000013000000030          13          64       328.10667
     64000016000000030          16          64       328.10667
     64000124000000030         124          64       1631.3143
     64000133000000030         133          64       1631.3143
     65000000000228836           0          65       116.57143
     65000000000123834           0          65       1631.3143
     65000001000000030           1          65       82.488889
     65000001000016279           1          65       795.67059
     65000004000000030           4          65       328.10667
     65000005000000030           5          65       116.57143
     65000025000000030          25          65       688.35556
     65000038000000030          38          65       688.35556
     65000042000000030          42          65       688.35556
     65000085000000030          85          65       795.67059
     66000000000123372           0          66       481.21081
     66000000000000030           0          66       15.753846
     66000000000150584           0          66       82.488889
     66000021000000030          21          66       328.10667
     66000021000000030          21          66       328.10667
     66000036000000030          36          66       688.35556
     66000059000000030          59          66       688.35556
     66000068000000030          68          66       795.67059
     67000000000000030           0          67       12.800000
     67000000000126183           0          67       82.488889
     67000000000165253           0          67       231.38462
     67000000000099667           0          67       328.10667
     67000001000000030           1          67       63.200000
     67000004000007199           4          67       481.21081
     67000008000000030           8          67       328.10667
     67000039000000030          39          67       795.67059
     67000120000000030         120          67       1631.3143
     68000000000000030           0          68       12.800000
     68000000000239017           0          68       1631.3143
     68000002000000030           2          68       63.200000
     68000004000000030           4          68       116.57143
     68000012000000030          12          68       481.21081
     68000019000000030          19          68       481.21081
     68000023000000030          23          68       481.21081
     68000028000000030          28          68       481.21081
     68000103000000030         103          68       1631.3143
     68000114000000030         114          68       1631.3143
     69000000000000030           0          69       12.800000
     69000000000000030           0          69       12.800000
     69000007000000030           7          69       231.38462
     69000012000002596          12          69       481.21081
     69000026000000030          26          69       795.67059
     69000046000000030          46          69       1631.3143
     69000067000000030          67          69       795.67059
     70000000000133759           0          70       795.67059
     70000000000370476           0          70       795.67059
     70000000000171056           0          70       116.57143
     70000000000161884           0          70       82.488889
     70000000000161884           0          70       82.488889
     70000001000000030           1          70       82.488889
     70000001000000030           1          70       82.488889
     70000017000000030          17          70       481.21081
     70000045000000030          45          70       795.67059
     70000050000000030          50          70       688.35556
     70000050000000030          50          70       688.35556
     71000000000328712           0          71       231.38462
     71000000000000030           0          71       15.753846
     71000000000000030           0          71       15.753846
     71000000000153578           0          71       32.711111
     71000000000150366           0          71       116.57143
     71000000000150366           0          71       116.57143
     71000013000000030          13          71       481.21081
     71000014000000030          14          71       481.21081
     71000015000000030          15          71       688.35556
     71000056000000030          56          71       795.67059
     71000069000000030          69          71       795.67059
     72000000000072728           0          72       688.35556
     72000019000000030          19          72       481.21081
     72000022000000030          22          72       688.35556
     72000053000000030          53          72       688.35556
     73000000000262625           0          73       82.488889
     73000000000000030           0          73       63.200000
     73000000000000030           0          73       63.200000
     73000000000332284           0          73       1631.3143
     73000000000354920           0          73       795.67059
     73000002000000030           2          73       231.38462
     73000005000000030           5          73       116.57143
     73000026000000030          26          73       688.35556
     73000035000000030          35          73       795.67059
     73000046000000030          46          73       1631.3143
     73000094000000030          94          73       1631.3143
     73000109000000030         109          73       1631.3143
     74000000000090899           0          74       481.21081
     74000000000101586           0          74       1631.3143
     74000002000000030           2          74       116.57143
     74000006000000030           6          74       481.21081
     74000027000000030          27          74       795.67059
     74000052000000030          52          74       795.67059
     74000061000000030          61          74       795.67059
     74000072000000030          72          74       1631.3143
     75000000000090386           0          75       1631.3143
     75000000000114136           0          75       688.35556
     75000000000084882           0          75       688.35556
     75000002000006246           2          75       688.35556
     75000008000000030           8          75       328.10667
     75000060000000030          60          75       795.67059
     75000130000000030         130          75       1631.3143
     76000000000258146           0          76       795.67059
     76000000000224465           0          76       63.200000
     76000000000000030           0          76       15.753846
     76000001000000030           1          76       116.57143
     76000005000000030           5          76       328.10667
     76000008000003961           8          76       688.35556
     76000010000001080          10          76       688.35556
     76000025000000030          25          76       481.21081
     76000027000001601          27          76       795.67059
     76000044000000030          44          76       795.67059
     76000047000000030          47          76       688.35556
     77000000000000030           0          77       32.711111
     77000000000000030           0          77       32.711111
     77000003000000030           3          77       231.38462
     77000004000000030           4          77       231.38462
     77000005000000030           5          77       231.38462
     77000016000000030          16          77       688.35556
     77000026000000030          26          77       481.21081
     77000037000000030          37          77       481.21081
     77000051000000030          51          77       795.67059
     77000067000000030          67          77       795.67059
     77000142000000030         142          77       1631.3143
     78000000000331307           0          78       795.67059
     78000000000118225           0          78       32.711111
     78000002000000030           2          78       82.488889
     78000007000000030           7          78       231.38462
     78000012000000030          12          78       328.10667
     78000097000000030          97          78       1631.3143
     78000175000000030         175          78       1631.3143
     79000000000188061           0          79       116.57143
     79000000000000030           0          79       15.753846
     79000002000000030           2          79       82.488889
     79000008000000030           8          79       481.21081
     79000010000000030          10          79       481.21081
     79000013000000030          13          79       328.10667
     79000054000000030          54          79       795.67059
     80000000000260820           0          80       795.67059
     80000000000437923           0          80       688.35556
     80000000000145826           0          80       328.10667
     80000000000201574           0          80       15.753846
     80000000000099805           0          80       32.711111
     80000000000137548           0          80       688.35556
     80000055000000030          55          80       795.67059
     80000060000000030          60          80       795.67059
     80000062000000030          62          80       1631.3143
     80000108000000030         108          80       1631.3143
