         330
     40000000000000012           0          40       11.636364
     40000000000080116           0          40       1433.1170
     40000005000000012           5          40       110.68235
     40000011000000012          11          40       201.71034
     40000013000000012          13          40       201.71034
     40000024000000012          24          40       336.77241
     40000093000000012          93          40       1141.4400
     40000160000000012         160          40       1433.1170
     40000196000000012         196          40       1433.1170
     40000200000000012         200          40       1433.1170
     40000214000000012         214          40       1433.1170
     41000000000000012           0          41       11.636364
     41000082000000012          82          41       1141.4400
     41000097000000012          97          41       1141.4400
     41000199000000012         199          41       1433.1170
     42000000000933520           0          42       1433.1170
     42000000000591320           0          42       1433.1170
     42000000001018143           0          42       1141.4400
     42000000000377114           0          42       25.600000
     42000000000172354           0          42       110.68235
     42000000000000012           0          42       12.800000
     42000000000478469           0          42       12.800000
     42000000000478469           0          42       12.800000
     42000000000750284           0          42       12.800000
     42000000000721586           0          42       110.68235
     42000000000184382           0          42       121.60000
     42000005000000012           5          42       128.47407
     42000007000004517           7          42       336.77241
     42000047000000012          47          42       527.78667
     42000055000000012          55          42       1067.8154
     42000190000000012         190          42       1433.1170
     42000216000000012         216          42       1433.1170
     43000000000000012           0          43       12.800000
     43000020000000012          20          43       336.77241
     43000227000000012         227          43       1433.1170
     44000000000923062           0          44       1433.1170
     44000000000422489           0          44       336.77241
     44000000000967339           0          44       1141.4400
     44000000000000012           0          44       12.800000
     44000000000317992           0          44       88.436364
     44000000000368425           0          44       128.47407
     44000000000719172           0          44       128.47407
     44000000000408066           0          44       201.71034
     44000000000432320           0          44       121.60000
     44000009000000012           9          44       128.47407
     44000241000000012         241          44       1433.1170
     45000000000168867           0          45       1433.1170
     45000000000214720           0          45       88.436364
     45000000000000012           0          45       25.600000
     45000000000299738           0          45       1141.4400
     45000013000000012          13          45       201.71034
     45000030000000012          30          45       336.77241
     45000153000000012         153          45       1433.1170
     46000000000354362           0          46       110.68235
     46000000000000012           0          46       11.636364
     46000012000000012          12          46       201.71034
     46000022000000012          22          46       336.77241
     46000094000000012          94          46       1141.4400
     47000000000487013           0          47       201.71034
     47000000000277132           0          47       121.60000
     47000000000000012           0          47       12.800000
     47000000000151360           0          47       51.200000
     47000002000010996           2          47       336.77241
     47000003000000012           3          47       110.68235
     47000005000005533           5          47       1141.4400
     47000006000000012           6          47       128.47407
     47000008000000012           8          47       128.47407
     47000011000000012          11          47       201.71034
     47000016000000012          16          47       527.78667
     47000033000000012          33          47       527.78667
     47000040000000012          40          47       527.78667
     47000074000000012          74          47       1141.4400
     47000113000000012         113          47       1141.4400
     47000158000000012         158          47       1433.1170
     48000000000180835           0          48       1141.4400
     48000000000169872           0          48       110.68235
     48000000000000012           0          48       11.636364
     48000023000002170          23          48       1067.8154
     48000064000000012          64          48       1067.8154
     48000087000000012          87          48       1067.8154
     48000101000000012         101          48       1141.4400
     48000167000000012         167          48       1433.1170
     49000000000000012           0          49       11.636364
     49000045000000012          45          49       527.78667
     49000055000000012          55          49       1067.8154
     49000083000000012          83          49       1067.8154
     49000093000000012          93          49       1141.4400
     49000212000000012         212          49       1433.1170
     50000000000000012           0          50       11.636364
     50000000000000012           0          50       11.636364
     50000002000027074           2          50       1067.8154
     50000010000000012          10          50       201.71034
     50000038000000012          38          50       527.78667
     50000216000000012         216          50       1433.1170
     51000000000328677           0          51       1433.1170
     51000000000347889           0          51       336.77241
     51000000000335841           0          51       128.47407
     51000000000000012           0          51       12.800000
     51000000000142523           0          51       51.200000
     51000002000018727           2          51       336.77241
     51000003000009991           3          51       201.71034
     51000010000000012          10          51       201.71034
     51000022000001182          22          51       336.77241
     51000035000000012          35          51       527.78667
     51000051000000012          51          51       527.78667
     51000066000000012          66          51       1067.8154
     51000075000000012          75          51       1067.8154
     51000077000000012          77          51       1067.8154
     51000191000000012         191          51       1433.1170
     52000016000000012          16          52       201.71034
     52000023000000012          23          52       527.78667
     52000032000000012          32          52       527.78667
     52000033000000012          33          52       527.78667
     52000067000000012          67          52       1141.4400
     52000126000000012         126          52       1141.4400
     52000144000000012         144          52       1141.4400
     53000000000000012           0          53       12.800000
     53000000000000012           0          53       12.800000
     53000001000000012           1          53       88.436364
     53000001000035073           1          53       1141.4400
     53000005000000012           5          53       110.68235
     53000044000000012          44          53       527.78667
     53000063000000012          63          53       1067.8154
     53000196000000012         196          53       1433.1170
     54000000000000012           0          54       12.800000
     54000000000000012           0          54       12.800000
     54000001000000012           1          54       88.436364
     54000006000000012           6          54       128.47407
     54000010000000012          10          54       201.71034
     54000072000000012          72          54       1067.8154
     54000076000000012          76          54       1067.8154
     55000000000173936           0          55       51.200000
     55000000000000012           0          55       51.200000
     55000009000000012           9          55       128.47407
     55000025000000012          25          55       1067.8154
     55000078000000012          78          55       1141.4400
     55000203000000012         203          55       1433.1170
     56000000000172801           0          56       121.60000
     56000000000000012           0          56       25.600000
     56000009000000012           9          56       128.47407
     56000033000000012          33          56       527.78667
     56000034000001289          34          56       1141.4400
     56000046000000012          46          56       527.78667
     56000051000000012          51          56       527.78667
     56000081000000012          81          56       1067.8154
     56000103000000259         103          56       1433.1170
     56000135000000012         135          56       1141.4400
     56000146000000012         146          56       1141.4400
     57000000000000012           0          57       11.636364
     57000007000000012           7          57       128.47407
     57000009000000012           9          57       128.47407
     57000018000000012          18          57       336.77241
     57000031000000012          31          57       336.77241
     57000097000000012          97          57       1141.4400
     57000153000000012         153          57       1433.1170
     57000198000000012         198          57       1433.1170
     57000207000000012         207          57       1433.1170
     58000000000289513           0          58       1433.1170
     58000000000292848           0          58       201.71034
     58000000000000012           0          58       11.636364
     58000001000000012           1          58       88.436364
     58000002000000012           2          58       121.60000
     58000003000000012           3          58       110.68235
     58000007000000012           7          58       128.47407
     58000016000000012          16          58       201.71034
     58000026000000012          26          58       336.77241
     58000027000000012          27          58       336.77241
     58000144000000012         144          58       1433.1170
     59000000000216389           0          59       336.77241
     59000000000412259           0          59       25.600000
     59000000000275680           0          59       51.200000
     59000002000000012           2          59       110.68235
     59000088000000012          88          59       1141.4400
     59000213000000012         213          59       1433.1170
     60000000000176976           0          60       121.60000
     60000006000006499           6          60       201.71034
     60000007000000012           7          60       128.47407
     60000027000000012          27          60       336.77241
     61000000000000012           0          61       12.800000
     61000000000515515           0          61       12.800000
     61000000000515515           0          61       12.800000
     61000000000236088           0          61       51.200000
     61000000000457640           0          61       51.200000
     61000000000315099           0          61       128.47407
     61000000000608665           0          61       1067.8154
     61000006000000012           6          61       128.47407
     61000150000000012         150          61       1433.1170
     61000227000000012         227          61       1433.1170
     61000233000000012         233          61       1433.1170
     62000000000000012           0          62       12.800000
     62000001000000012           1          62       88.436364
     62000003000000012           3          62       121.60000
     62000004000000012           4          62       110.68235
     62000047000000012          47          62       1067.8154
     62000056000000012          56          62       1067.8154
     62000254000000012         254          62       1433.1170
     63000000000172633           0          63       110.68235
     63000005000000012           5          63       128.47407
     63000010000000012          10          63       201.71034
     63000016000002082          16          63       1433.1170
     64000000000121288           0          64       201.71034
     64000000000348311           0          64       88.436364
     64000000000000012           0          64       25.600000
     64000000000138303           0          64       25.600000
     64000000000135573           0          64       1141.4400
     64000004000000012           4          64       128.47407
     64000007000000012           7          64       128.47407
     64000013000000012          13          64       201.71034
     64000016000000012          16          64       201.71034
     64000113000000581         113          64       1433.1170
     64000116000000012         116          64       1141.4400
     64000133000000012         133          64       1141.4400
     64000218000000012         218          64       1433.1170
     65000004000000012           4          65       201.71034
     65000005000000012           5          65       110.68235
     65000172000000012         172          65       1433.1170
     66000000000123354           0          66       527.78667
     66000000000150566           0          66       121.60000
     66000000000000012           0          66       12.800000
     66000021000000012          21          66       336.77241
     66000021000000012          21          66       336.77241
     66000036000000012          36          66       527.78667
     66000067000000012          67          66       1067.8154
     67000000000000012           0          67       11.636364
     67000000000126165           0          67       88.436364
     67000000000165235           0          67       128.47407
     67000001000000012           1          67       88.436364
     67000004000007181           4          67       336.77241
     67000008000000012           8          67       201.71034
     67000116000000012         116          67       1141.4400
     67000120000000012         120          67       1141.4400
     68000000000000012           0          68       11.636364
     68000012000000012          12          68       201.71034
     68000019000000012          19          68       336.77241
     68000023000000012          23          68       336.77241
     68000028000000012          28          68       336.77241
     68000114000000012         114          68       1141.4400
     68000181000000012         181          68       1433.1170
     69000000000000012           0          69       12.800000
     69000000000000012           0          69       12.800000
     69000007000000012           7          69       128.47407
     69000012000002578          12          69       336.77241
     69000026000000012          26          69       527.78667
     69000046000000012          46          69       1067.8154
     69000067000000012          67          69       1141.4400
     70000000000370458           0          70       1141.4400
     70000000000000012           0          70       12.800000
     70000001000000012           1          70       88.436364
     70000017000000012          17          70       201.71034
     70000045000000012          45          70       527.78667
     70000086000000012          86          70       1433.1170
     70000107000000012         107          70       1141.4400
     70000155000000012         155          70       1433.1170
     70000194000000012         194          70       1433.1170
     71000000000328694           0          71       128.47407
     71000000000153560           0          71       25.600000
     71000000000000012           0          71       12.800000
     71000000000000012           0          71       12.800000
     71000014000000012          14          71       201.71034
     71000056000000012          56          71       1067.8154
     71000069000000012          69          71       1067.8154
     71000095000000012          95          71       1141.4400
     71000099000000012          99          71       1141.4400
     72000019000000012          19          72       336.77241
     72000022000000012          22          72       336.77241
     72000053000000012          53          72       527.78667
     73000000000354902           0          73       527.78667
     73000000000332266           0          73       1433.1170
     73000000000000012           0          73       25.600000
     73000000000000012           0          73       25.600000
     73000002000000012           2          73       110.68235
     73000005000000012           5          73       110.68235
     73000026000000012          26          73       527.78667
     73000035000000012          35          73       527.78667
     73000046000000012          46          73       527.78667
     73000109000000012         109          73       1141.4400
     73000272000000012         272          73       1433.1170
     74000000000090881           0          74       336.77241
     74000006000000012           6          74       128.47407
     74000072000000012          72          74       1141.4400
     74000217000000012         217          74       1433.1170
     74000230000000012         230          74       1433.1170
     75000000000114118           0          75       527.78667
     75000008000000012           8          75       128.47407
     75000130000000012         130          75       1141.4400
     75000208000000012         208          75       1433.1170
     76000000000258128           0          76       201.71034
     76000000000000012           0          76       12.800000
     76000001000000012           1          76       88.436364
     76000003000000012           3          76       128.47407
     76000005000000012           5          76       128.47407
     76000008000003943           8          76       201.71034
     76000025000000012          25          76       336.77241
     76000027000001583          27          76       1067.8154
     76000044000000012          44          76       527.78667
     76000047000000012          47          76       527.78667
     76000143000000012         143          76       1433.1170
     77000000000000012           0          77       12.800000
     77000000000000012           0          77       12.800000
     77000003000000012           3          77       110.68235
     77000004000000012           4          77       110.68235
     77000005000000012           5          77       110.68235
     77000016000000012          16          77       336.77241
     77000026000000012          26          77       336.77241
     77000037000000012          37          77       527.78667
     77000051000000012          51          77       1067.8154
     77000067000000012          67          77       1067.8154
     77000142000000012         142          77       1141.4400
     77000233000000012         233          77       1433.1170
     78000000000331289           0          78       1067.8154
     78000000000118207           0          78       25.600000
     78000000000000012           0          78       12.800000
     78000000000000012           0          78       12.800000
     78000002000000012           2          78       121.60000
     78000012000000012          12          78       201.71034
     78000097000000012          97          78       1141.4400
     78000175000000012         175          78       1433.1170
     79000000000188043           0          79       121.60000
     79000000000000012           0          79       25.600000
     79000008000000012           8          79       128.47407
     79000010000000012          10          79       201.71034
     79000013000000012          13          79       201.71034
     79000148000000012         148          79       1433.1170
     79000242000000012         242          79       1433.1170
     80000000000414447           0          80       527.78667
     80000000000201556           0          80       25.600000
     80000000000099787           0          80       12.800000
     80000060000000012          60          80       527.78667
     80000108000000012         108          80       1141.4400
     80000205000000012         205          80       1433.1170
