         310
     40000000000000005           0          40       12.800000
     40000005000000005           5          40       102.40000
     40000011000000005          11          40       191.55862
     40000024000000005          24          40       325.02857
     40000093000000005          93          40       1003.1628
     40000160000000005         160          40       1294.1964
     40000196000000005         196          40       1294.1964
     40000200000000005         200          40       1294.1964
     40000214000000005         214          40       1294.1964
     41000000000000005           0          41       12.800000
     41000082000000005          82          41       1003.1628
     41000097000000005          97          41       1003.1628
     41000097000000312          97          41       1003.1628
     41000199000000005         199          41       1294.1964
     41000202000000005         202          41       1294.1964
     42000000001018136           0          42       1294.1964
     42000000000933513           0          42       1294.1964
     42000000000000005           0          42       24.847059
     42000000000377107           0          42       24.847059
     42000000000184375           0          42       102.40000
     42000000000721579           0          42       102.40000
     42000000000478462           0          42       12.800000
     42000000000750277           0          42       12.800000
     42000005000000005           5          42       102.40000
     42000007000004510           7          42       191.55862
     42000047000000005          47          42       576.49231
     42000055000000005          55          42       1051.6480
     42000190000000005         190          42       1294.1964
     42000191000000005         191          42       1294.1964
     42000216000000005         216          42       1294.1964
     43000000000000005           0          43       12.800000
     43000020000000005          20          43       325.02857
     43000227000000005         227          43       1294.1964
     43000239000000005         239          43       1294.1964
     44000000000975122           0          44       1294.1964
     44000000000923055           0          44       1294.1964
     44000000000967332           0          44       1003.1628
     44000000000422482           0          44       325.02857
     44000000000000005           0          44       12.800000
     44000000000432313           0          44       102.40000
     44000000000113229           0          44       191.55862
     44000000000408059           0          44       191.55862
     44000000000719165           0          44       140.24348
     44000009000000005           9          44       140.24348
     44000139000000005         139          44       1294.1964
     44000241000000005         241          44       1294.1964
     45000000000168860           0          45       1003.1628
     45000000000299731           0          45       1003.1628
     45000000000214713           0          45       85.760000
     45000000000000005           0          45       12.800000
     45000003000000005           3          45       160.00000
     45000013000000005          13          45       191.55862
     45000030000000005          30          45       576.49231
     45000153000000005         153          45       1003.1628
     46000000000136185           0          46       576.49231
     46000000000218021           0          46       1051.6480
     46000000000354355           0          46       102.40000
     46000000000000005           0          46       12.800000
     46000012000000005          12          46       191.55862
     46000022000000005          22          46       325.02857
     46000092000000005          92          46       1003.1628
     46000094000000005          94          46       1051.6480
     47000000000487006           0          47       191.55862
     47000000000277125           0          47       160.00000
     47000000000000005           0          47       12.800000
     47000000000151353           0          47       57.600000
     47000003000000005           3          47       102.40000
     47000005000005526           5          47       1003.1628
     47000006000000005           6          47       140.24348
     47000008000000005           8          47       140.24348
     47000011000000005          11          47       191.55862
     47000016000000005          16          47       325.02857
     47000033000000005          33          47       576.49231
     47000040000000005          40          47       576.49231
     47000074000000005          74          47       1003.1628
     47000113000000005         113          47       1003.1628
     47000158000000005         158          47       1294.1964
     48000000000180828           0          48       1051.6480
     48000000000169865           0          48       160.00000
     48000000000000005           0          48       12.800000
     48000023000002163          23          48       1051.6480
     48000064000000005          64          48       1051.6480
     48000087000000005          87          48       1003.1628
     48000101000000005         101          48       1003.1628
     49000000000000005           0          49       12.800000
     49000045000000005          45          49       576.49231
     49000055000000005          55          49       1051.6480
     49000083000000005          83          49       1051.6480
     49000093000000005          93          49       1003.1628
     49000212000000005         212          49       1294.1964
     50000000000000005           0          50       12.800000
     50000000000000005           0          50       12.800000
     50000002000027067           2          50       1051.6480
     50000010000000005          10          50       191.55862
     50000038000000005          38          50       576.49231
     50000216000000005         216          50       1294.1964
     51000000000328670           0          51       1294.1964
     51000000000347882           0          51       325.02857
     51000000000335834           0          51       102.40000
     51000000000142516           0          51       57.600000
     51000000000000005           0          51       24.847059
     51000002000018720           2          51       325.02857
     51000003000009984           3          51       191.55862
     51000010000000005          10          51       140.24348
     51000022000001175          22          51       325.02857
     51000035000000005          35          51       576.49231
     51000051000000005          51          51       576.49231
     51000075000000005          75          51       1051.6480
     51000077000000005          77          51       1051.6480
     52000023000000005          23          52       576.49231
     52000032000000005          32          52       576.49231
     52000033000000005          33          52       325.02857
     52000067000000005          67          52       1003.1628
     52000126000000005         126          52       1003.1628
     52000144000000005         144          52       1003.1628
     52000211000000005         211          52       1294.1964
     53000000000000005           0          53       12.800000
     53000001000000005           1          53       85.760000
     53000001000035066           1          53       1003.1628
     53000044000000005          44          53       576.49231
     53000063000000005          63          53       1051.6480
     53000196000000005         196          53       1294.1964
     54000000000000005           0          54       24.847059
     54000001000000005           1          54       85.760000
     54000006000000005           6          54       102.40000
     54000010000000005          10          54       191.55862
     54000072000000005          72          54       1051.6480
     54000076000000005          76          54       1051.6480
     55000000000173929           0          55       57.600000
     55000000000000005           0          55       24.847059
     55000009000000005           9          55       191.55862
     55000020000000005          20          55       325.02857
     55000025000000005          25          55       325.02857
     55000078000000005          78          55       1003.1628
     55000203000000005         203          55       1294.1964
     56000000000142546           0          56       1294.1964
     56000000000172794           0          56       160.00000
     56000000000000005           0          56       24.847059
     56000009000000005           9          56       140.24348
     56000033000000005          33          56       576.49231
     56000034000001282          34          56       1003.1628
     56000046000000005          46          56       576.49231
     56000051000000005          51          56       576.49231
     56000081000000005          81          56       1051.6480
     56000103000000252         103          56       1294.1964
     56000135000000005         135          56       1003.1628
     56000146000000005         146          56       1294.1964
     57000000000000005           0          57       12.800000
     57000007000000005           7          57       140.24348
     57000009000000005           9          57       140.24348
     57000018000000005          18          57       325.02857
     57000031000000005          31          57       325.02857
     57000097000000005          97          57       1003.1628
     57000153000000005         153          57       1294.1964
     57000198000000005         198          57       1294.1964
     57000207000000005         207          57       1294.1964
     58000000000289506           0          58       1294.1964
     58000000000000005           0          58       12.800000
     58000000000292841           0          58       191.55862
     58000001000000005           1          58       85.760000
     58000002000000005           2          58       160.00000
     58000003000000005           3          58       102.40000
     58000007000000005           7          58       140.24348
     58000016000000005          16          58       191.55862
     58000026000000005          26          58       325.02857
     58000027000000005          27          58       325.02857
     58000144000000005         144          58       1294.1964
     59000000000216382           0          59       191.55862
     59000000000275673           0          59       85.760000
     59000002000000005           2          59       102.40000
     59000007000009795           7          59       325.02857
     59000088000000005          88          59       1003.1628
     59000213000000005         213          59       1294.1964
     60000000000176969           0          60       160.00000
     60000006000006492           6          60       191.55862
     60000007000000005           7          60       140.24348
     61000000000315092           0          61       140.24348
     61000000000457633           0          61       57.600000
     61000000000236081           0          61       57.600000
     61000000000608658           0          61       1051.6480
     61000000000139305           0          61       1003.1628
     61000006000000005           6          61       140.24348
     61000150000000005         150          61       1294.1964
     61000227000000005         227          61       1294.1964
     61000233000000005         233          61       1294.1964
     62000000000000005           0          62       12.800000
     62000003000000005           3          62       160.00000
     62000004000000005           4          62       102.40000
     62000047000000005          47          62       1051.6480
     62000254000000005         254          62       1294.1964
     63000000000172626           0          63       102.40000
     63000000000000005           0          63       51.200000
     63000005000000005           5          63       102.40000
     63000010000000005          10          63       191.55862
     63000016000002075          16          63       1003.1628
     64000000000135566           0          64       1003.1628
     64000000000121281           0          64       191.55862
     64000000000348304           0          64       85.760000
     64000000000138296           0          64       51.200000
     64000000000000005           0          64       12.800000
     64000004000000005           4          64       140.24348
     64000007000000005           7          64       140.24348
     64000013000000005          13          64       191.55862
     64000016000000005          16          64       191.55862
     64000113000000574         113          64       1294.1964
     64000116000000005         116          64       1003.1628
     64000133000000005         133          64       1003.1628
     64000218000000005         218          64       1294.1964
     65000004000000005           4          65       140.24348
     65000005000000005           5          65       102.40000
     65000172000000005         172          65       1294.1964
     65000236000000005         236          65       1294.1964
     66000000000123347           0          66       325.02857
     66000000000150559           0          66       57.600000
     66000021000000005          21          66       325.02857
     66000036000000005          36          66       576.49231
     66000067000000005          67          66       1051.6480
     67000000000126158           0          67       85.760000
     67000000000165228           0          67       140.24348
     67000001000000005           1          67       85.760000
     67000004000007174           4          67       140.24348
     67000008000000005           8          67       191.55862
     67000116000000005         116          67       1003.1628
     67000120000000005         120          67       1003.1628
     68000000000000005           0          68       12.800000
     68000012000000005          12          68       191.55862
     68000019000000005          19          68       325.02857
     68000023000000005          23          68       325.02857
     68000028000000005          28          68       325.02857
     68000114000000005         114          68       1003.1628
     68000181000000005         181          68       1294.1964
     69000000000000005           0          69       24.847059
     69000007000000005           7          69       140.24348
     69000012000002571          12          69       325.02857
     69000026000000005          26          69       325.02857
     69000046000000005          46          69       1051.6480
     69000067000000005          67          69       1003.1628
     70000000000370451           0          70       1003.1628
     70000000000000005           0          70       24.847059
     70000017000000005          17          70       191.55862
     70000045000000005          45          70       576.49231
     70000086000000005          86          70       1294.1964
     70000107000000005         107          70       1003.1628
     70000194000000005         194          70       1294.1964
     71000000000328687           0          71       140.24348
     71000000000153553           0          71       24.847059
     71000000000000005           0          71       24.847059
     71000014000000005          14          71       191.55862
     71000056000000005          56          71       1051.6480
     71000069000000005          69          71       1051.6480
     71000095000000005          95          71       1003.1628
     71000099000000005          99          71       1003.1628
     72000022000000005          22          72       325.02857
     72000053000000005          53          72       1051.6480
     73000000000332259           0          73       1294.1964
     73000000000354895           0          73       576.49231
     73000000000000005           0          73       24.847059
     73000005000000005           5          73       102.40000
     73000026000000005          26          73       325.02857
     73000035000000005          35          73       576.49231
     73000046000000005          46          73       576.49231
     73000109000000005         109          73       1003.1628
     73000272000000005         272          73       1294.1964
     74000000000090874           0          74       325.02857
     74000072000000005          72          74       1003.1628
     74000217000000005         217          74       1294.1964
     74000230000000005         230          74       1294.1964
     75000000000114111           0          75       576.49231
     75000008000000005           8          75       140.24348
     75000208000000005         208          75       1294.1964
     76000000000338969           0          76       1294.1964
     76000000000258121           0          76       191.55862
     76000000000000005           0          76       24.847059
     76000001000000005           1          76       85.760000
     76000003000000005           3          76       140.24348
     76000005000000005           5          76       140.24348
     76000008000003936           8          76       191.55862
     76000027000001576          27          76       1051.6480
     76000044000000005          44          76       576.49231
     76000047000000005          47          76       576.49231
     76000143000000005         143          76       1003.1628
     77000000000000005           0          77       24.847059
     77000004000000005           4          77       102.40000
     77000005000000005           5          77       102.40000
     77000016000000005          16          77       325.02857
     77000026000000005          26          77       325.02857
     77000037000000005          37          77       576.49231
     77000067000000005          67          77       1051.6480
     77000142000000005         142          77       1003.1628
     77000233000000005         233          77       1294.1964
     78000000000331282           0          78       576.49231
     78000000000118200           0          78       51.200000
     78000000000000005           0          78       24.847059
     78000002000000005           2          78       160.00000
     78000012000000005          12          78       191.55862
     78000097000000005          97          78       1003.1628
     78000175000000005         175          78       1294.1964
     79000000000000005           0          79       24.847059
     79000000000188036           0          79       85.760000
     79000008000000005           8          79       140.24348
     79000010000000005          10          79       191.55862
     79000013000000005          13          79       191.55862
     79000148000000005         148          79       1294.1964
     79000242000000005         242          79       1294.1964
     80000000000414440           0          80       576.49231
     80000000000099780           0          80       24.847059
     80000000000201549           0          80       24.847059
     80000060000000005          60          80       1051.6480
     80000108000000005         108          80       1003.1628
     80000205000000005         205          80       1294.1964
