         297
     40000000000213524           0          40       187.32043
     40000000000142829           0          40       187.32043
     40000005000000047           5          40       47.064615
     40000005000000047           5          40       47.064615
     41000000000000047           0          41       12.800000
     41000000000029352           0          41       187.32043
     41000000000014047           0          41       187.32043
     41000000000010351           0          41       100.49730
     41000000000087728           0          41       100.49730
     41000000000002251           0          41       12.800000
     41000000000515976           0          41       47.064615
     42000000000128855           0          42       47.064615
     42000000000184417           0          42       47.064615
     42000000000750319           0          42       47.064615
     42000000000750319           0          42       47.064615
     42000000000053251           0          42       12.800000
     42000000000053251           0          42       12.800000
     42000000000478504           0          42       12.800000
     42000000000478504           0          42       12.800000
     42000000000066586           0          42       28.713514
     42000000000082096           0          42       187.32043
     42000000000419412           0          42       187.32043
     42000000000587127           0          42       187.32043
     42000000000758668           0          42       187.32043
     42000000000441460           0          42       100.49730
     42000000000693956           0          42       100.49730
     42000000000768550           0          42       100.49730
     42000000000478955           0          42       28.713514
     42000000000000047           0          42       47.064615
     42000001000000047           1          42       28.713514
     42000003000000047           3          42       187.32043
     43000000000007152           0          43       47.064615
     43000000000024396           0          43       47.064615
     43000000000138462           0          43       187.32043
     43000001000013841           1          43       28.713514
     43000001000013841           1          43       28.713514
     44000000000152202           0          44       47.064615
     44000000000573192           0          44       47.064615
     44000000000087089           0          44       100.49730
     44000000000641194           0          44       100.49730
     44000000000047465           0          44       187.32043
     44000000000113271           0          44       187.32043
     44000000000198744           0          44       187.32043
     44000000000408101           0          44       187.32043
     44000000000318027           0          44       100.49730
     44000000000641194           0          44       100.49730
     44000000000719207           0          44       100.49730
     44000022000000047          22          44       187.32043
     45000000000250132           0          45       187.32043
     45000000000250132           0          45       187.32043
     45000000000109643           0          45       100.49730
     45000000000147880           0          45       100.49730
     45000000000214755           0          45       100.49730
     45000000000437450           0          45       100.49730
     45000000000072122           0          45       28.713514
     45000000000086482           0          45       187.32043
     45000000000000047           0          45       47.064615
     45000000000249806           0          45       12.800000
     45000000000249806           0          45       12.800000
     45000009000000047           9          45       100.49730
     46000000000033700           0          46       187.32043
     46000000000354397           0          46       187.32043
     47000000000487048           0          47       187.32043
     47000000000000047           0          47       12.800000
     47000000000019849           0          47       12.800000
     47000000000277167           0          47       47.064615
     47000000000491059           0          47       47.064615
     47000000000006503           0          47       47.064615
     47000014000003564          14          47       100.49730
     48000000000057696           0          48       100.49730
     48000000000024339           0          48       187.32043
     48000000000000047           0          48       47.064615
     48000000000000047           0          48       47.064615
     48000000000045493           0          48       12.800000
     48000000000169907           0          48       187.32043
     48000001000004484           1          48       100.49730
     49000000000043068           0          49       28.713514
     49000000000000814           0          49       187.32043
     49000003000000047           3          49       47.064615
     49000004000000046           4          49       187.32043
     50000000000103264           0          50       100.49730
     50000003000000254           3          50       187.32043
     50000010000000047          10          50       187.32043
     51000000000335876           0          51       187.32043
     51000000000417156           0          51       187.32043
     51000000000092298           0          51       100.49730
     51000000000240034           0          51       100.49730
     51000000000244618           0          51       100.49730
     51000000000237393           0          51       28.713514
     51000000000011810           0          51       47.064615
     51000000000012254           0          51       47.064615
     51000000000142558           0          51       47.064615
     51000000000241825           0          51       47.064615
     52000000000061501           0          52       100.49730
     52000001000001851           1          52       100.49730
     52000016000000047          16          52       187.32043
     52000021000000047          21          52       187.32043
     53000000000182646           0          53       187.32043
     53000000000187599           0          53       187.32043
     53000000000063959           0          53       100.49730
     53000000000000047           0          53       47.064615
     53000000000000047           0          53       47.064615
     53000000000083415           0          53       187.32043
     53000001000001143           1          53       100.49730
     53000001000000047           1          53       100.49730
     53000001000000047           1          53       100.49730
     53000001000000047           1          53       100.49730
     53000002000009370           2          53       187.32043
     53000005000000047           5          53       47.064615
     54000000000000047           0          54       28.713514
     54000000000000047           0          54       28.713514
     54000000000000047           0          54       28.713514
     54000000000074501           0          54       187.32043
     54000000000168931           0          54       187.32043
     54000001000000047           1          54       187.32043
     54000006000000047           6          54       100.49730
     55000000000000047           0          55       100.49730
     55000000000037581           0          55       187.32043
     55000000000029422           0          55       12.800000
     55000000000029422           0          55       12.800000
     55000000000029422           0          55       12.800000
     55000011000000047          11          55       187.32043
     56000000000067748           0          56       28.713514
     56000000000067748           0          56       28.713514
     57000000000000047           0          57       28.713514
     57000000000101398           0          57       28.713514
     57000000000003216           0          57       47.064615
     57000000000032212           0          57       47.064615
     57000000000002523           0          57       187.32043
     57000000000033952           0          57       187.32043
     57000000000076675           0          57       100.49730
     57000000000104130           0          57       100.49730
     57000001000000047           1          57       100.49730
     57000009000000047           9          57       187.32043
     57000009000000047           9          57       187.32043
     58000000000149644           0          58       100.49730
     58000000000000047           0          58       12.800000
     58000000000000047           0          58       12.800000
     58000000000100560           0          58       100.49730
     58000000000179292           0          58       100.49730
     58000000000054756           0          58       187.32043
     58000000000045557           0          58       28.713514
     58000000000107149           0          58       28.713514
     58000001000000047           1          58       187.32043
     58000002000000047           2          58       187.32043
     58000003000000047           3          58       187.32043
     58000007000000047           7          58       187.32043
     59000000000031529           0          59       187.32043
     59000000000078461           0          59       100.49730
     59000000000248390           0          59       100.49730
     59000000000248390           0          59       100.49730
     59000000000417076           0          59       100.49730
     59000000000116543           0          59       187.32043
     59000000000412294           0          59       12.800000
     59000000000412294           0          59       12.800000
     59000000000174153           0          59       47.064615
     59000000000269522           0          59       47.064615
     59000000000275715           0          59       47.064615
     59000000000075755           0          59       100.49730
     60000001000011828           1          60       187.32043
     60000002000018822           2          60       187.32043
     60000003000000047           3          60       187.32043
     61000000000267524           0          61       187.32043
     61000000000290278           0          61       187.32043
     61000000000315134           0          61       187.32043
     61000000000000047           0          61       100.49730
     61000000000017440           0          61       100.49730
     61000000000118949           0          61       100.49730
     61000000000521684           0          61       100.49730
     61000000000471271           0          61       100.49730
     61000000000457675           0          61       47.064615
     61000000000606283           0          61       47.064615
     61000000000236123           0          61       12.800000
     61000001000001214           1          61       187.32043
     62000000000000047           0          62       100.49730
     62000000000038883           0          62       28.713514
     62000000000026722           0          62       47.064615
     62000000000009907           0          62       28.713514
     62000000000047657           0          62       100.49730
     62000001000004101           1          62       187.32043
     62000002000000047           2          62       100.49730
     62000003000000047           3          62       100.49730
     62000004000000047           4          62       187.32043
     63000000000154087           0          63       187.32043
     63000000000196979           0          63       187.32043
     63000000000053008           0          63       100.49730
     63000000000005209           0          63       47.064615
     63000000000126634           0          63       187.32043
     63000000000004669           0          63       28.713514
     63000001000000487           1          63       187.32043
     63000002000000548           2          63       187.32043
     63000005000000047           5          63       187.32043
     63000013000000047          13          63       100.49730
     64000000000154603           0          64       187.32043
     64000000000000047           0          64       47.064615
     64000000000162193           0          64       47.064615
     64000000000010301           0          64       187.32043
     64000000000348346           0          64       187.32043
     64000000000013408           0          64       28.713514
     65000000000140221           0          65       12.800000
     65000000000011659           0          65       100.49730
     65000000000228853           0          65       47.064615
     65000000000101989           0          65       187.32043
     65000000000017554           0          65       187.32043
     65000001000000047           1          65       28.713514
     65000004000000047           4          65       100.49730
     66000000000058779           0          66       28.713514
     66000000000013547           0          66       28.713514
     66000000000000047           0          66       12.800000
     67000000000000047           0          67       12.800000
     67000000000126200           0          67       47.064615
     67000000000126200           0          67       47.064615
     67000000000012683           0          67       100.49730
     67000000000050643           0          67       100.49730
     67000000000165270           0          67       187.32043
     67000001000000047           1          67       28.713514
     67000001000000047           1          67       28.713514
     68000000000000047           0          68       28.713514
     68000000000069293           0          68       100.49730
     68000000000065871           0          68       187.32043
     68000000000081956           0          68       100.49730
     68000000000000047           0          68       28.713514
     68000002000000047           2          68       100.49730
     69000000000101164           0          69       187.32043
     69000000000080703           0          69       47.064615
     69000001000001868           1          69       187.32043
     70000000000202249           0          70       187.32043
     70000000000000047           0          70       47.064615
     70000000000062584           0          70       100.49730
     70000000000162978           0          70       187.32043
     70000000000036755           0          70       12.800000
     70000000000036755           0          70       12.800000
     70000000000161901           0          70       47.064615
     70000000000161901           0          70       47.064615
     70000001000000047           1          70       100.49730
     70000001000000047           1          70       100.49730
     70000003000000047           3          70       100.49730
     70000017000000047          17          70       187.32043
     71000000000150383           0          71       47.064615
     71000000000150383           0          71       47.064615
     71000000000153595           0          71       47.064615
     71000000000190361           0          71       187.32043
     71000000000154721           0          71       100.49730
     71000000000205708           0          71       28.713514
     71000003000012207           3          71       187.32043
     71000020000000047          20          71       187.32043
     72000000000055763           0          72       187.32043
     72000000000000047           0          72       47.064615
     72000000000000047           0          72       47.064615
     72000000000052516           0          72       47.064615
     72000001000004412           1          72       47.064615
     72000001000012127           1          72       187.32043
     72000001000012127           1          72       187.32043
     72000003000000833           3          72       187.32043
     72000019000000047          19          72       187.32043
     73000000000129946           0          73       187.32043
     73000000000073436           0          73       100.49730
     73000000000127341           0          73       100.49730
     73000000000165680           0          73       47.064615
     73000000000000047           0          73       28.713514
     73000000000000047           0          73       28.713514
     73000005000000047           5          73       100.49730
     73000007000000047           7          73       47.064615
     74000000000008348           0          74       187.32043
     74000000000014117           0          74       12.800000
     74000000000012263           0          74       28.713514
     74000000000001323           0          74       28.713514
     74000000000052079           0          74       100.49730
     74000000000000766           0          74       47.064615
     76000000000002740           0          76       47.064615
     76000000000067237           0          76       47.064615
     76000000000121720           0          76       100.49730
     76000000000138435           0          76       47.064615
     76000001000000047           1          76       187.32043
     76000003000003236           3          76       187.32043
     77000000000000047           0          77       47.064615
     77000000000000047           0          77       47.064615
     77000000000000364           0          77       100.49730
     77000000000040371           0          77       100.49730
     78000000000343131           0          78       100.49730
     78000002000000047           2          78       47.064615
     78000002000000047           2          78       47.064615
     78000007000000047           7          78       187.32043
     79000000000220290           0          79       28.713514
     79000000000000047           0          79       12.800000
     79000000000000047           0          79       12.800000
     79000001000002478           1          79       187.32043
     80000000000145843           0          80       187.32043
     80000000000121358           0          80       100.49730
     80000000000101120           0          80       12.800000
     80000000000099822           0          80       28.713514
     80000000000099822           0          80       28.713514
     80000000000158336           0          80       28.713514
     80000000000000047           0          80       47.064615
     80000000000000047           0          80       47.064615
     80000000000110349           0          80       47.064615
     80000000000201591           0          80       47.064615
