 0      106.904
       1      68.4975
       2      42.7746
       3      25.6173
       4      16.9594
       5      15.5231
       6      14.2192
       7      13.0325
       8      11.9530
       9      10.9697
      10      10.0728
      11      9.25470
      12      8.50697
      13      7.82371
      14      7.19827
      15      6.62544
      16      6.10041
      17      5.61862
      18      5.17612
      19      4.76951
      20      4.39531
      21      4.05084
      22      3.73332
      23      3.44046
      24      3.17005
      25      2.92019
      26      2.68907
      27      2.47511
      28      2.27687
      29      2.09302
      30      1.92233
      31      1.76374
      32      1.61624
      33      1.47894
      34      1.35099
      35      1.23167
      36      1.12026
      37      1.01616
      38     0.918786
      39     0.827629
      40     0.742209
      41     0.662090
      42     0.586888
      43     0.516234
      44     0.449805
      45     0.387301
      46     0.328448
      47     0.272998
      48     0.220725
      49     0.171422
      50     0.124899
      51    0.0809817
      52    0.0395173
      53  0.000358105
      54   -0.0366274
      55   -0.0715466
      56    -0.104520
      57    -0.135651
      58    -0.165018
      59    -0.192702
      60    -0.218781
      61    -0.243324
      62    -0.266383
      63    -0.288013
