0.000001
0.00001
0.0001
0.001
0.01
0.02
0.03
0.04
0.05
0.055820
0.059658
0.063496
0.067334
0.071172
0.075010
0.078849
0.082687
0.086525
0.090363
0.094201
0.098039
0.101877
0.105715
0.109554
0.113392
0.117230
0.121068
0.124906
0.128744
0.132582
0.136421
0.140259
0.144097
0.147935
0.151773
0.155611
0.159449
0.163287
0.167126
0.170964
0.174802
0.178640
0.182478
0.186316
0.190154
0.193992
0.197831
0.201669
0.205507
0.209345
0.213183
0.217021
0.220859
0.224698
0.228536
0.232374
0.236212
0.240050
0.243888
0.247726
0.251564
0.255403
0.259241
0.263079
0.266917
0.270755
0.274593
0.278431
0.282270
0.286108
0.289946
0.293784
0.297622
0.301460
0.305298
0.309136
0.312975
0.316813
0.320651
0.324489
0.328327
0.332165
0.336003
0.339841
0.343680
0.347518
0.351356
0.355194
0.359032
0.362870
0.366708
0.370547
0.374385
0.378223
0.382061
0.385899
0.389737
0.393575
0.397413
0.401252
0.405090
0.408928
0.412766
0.416604
0.420442
0.424280
0.428118
0.431957
0.435795
0.439633
0.443471
0.447309
0.451147
0.454985
0.458824
0.462662
 0.466500
 0.470338
 0.474176
 0.478014
 0.481852
 0.485690
 0.489529
 0.493367
 0.497205
 0.501043
 0.504881
 0.508719
 0.512557
 0.516396
 0.520234
 0.524072
 0.527910
 0.531748
 0.535586
 0.539424
 0.543262
 0.547101
 0.550939
 0.554777
 0.558615
 0.562453
 0.566291
 0.570129
 0.573967
 0.577806
 0.581644
 0.585482
 0.589320
 0.593158
 0.596996
 0.600834
 0.604672
 0.608511
 0.612349
 0.616187
 0.620025
 0.623863
 0.627701
 0.631539
 0.635378
 0.639216
 0.643054
 0.646892
 0.650730
 0.654568
 0.658406
 0.662244
 0.666083
 0.669921
 0.673759
 0.677597
 0.681435
 0.685273
 0.689111
 0.692950
 0.696788
 0.700626
 0.704464
 0.708302
 0.712140
 0.715978
 0.719816
 0.723655
 0.727493
 0.731331
 0.735169
 0.739007
 0.742845
 0.746683
 0.750521
 0.754360
 0.758198
 0.762036
 0.765874
 0.769712
 0.773550
 0.777388
 0.781227
 0.785065
 0.788903
 0.792741
 0.796579
 0.800417
 0.804255
 0.808093
 0.811932
 0.815770
 0.819608
 0.823446
 0.827284
 0.831122
 0.834960
 0.838799
 0.842637
 0.846475
 0.850313
 0.854151
 0.857989
 0.861827
 0.865665
 0.869504
 0.873342
 0.877180
 0.881018
 0.884856
 0.888694
 0.892532
 0.896370
 0.900209
 0.904047
 0.907885
 0.911723
 0.915561
 0.919399
 0.923237
 0.927076
 0.930914
 0.934752
 0.938590
 0.942428
 0.946266
 0.950104
 0.953942
 0.957781
 0.961619
 0.965457
 0.969295
 0.973133
 0.976971
 0.980809
 0.984647
 0.988486
 0.992324
 0.996162
 1.000000
 