  0.016666667      
     0.017782794	
     0.019562690    	
     0.021497153    	
     0.023597019    
     0.025873617    	
     0.028338767    	
     0.031004774    	
     0.033884416    	
     0.036990929    	
     0.040337993    
     0.043939706    
     0.047810558    
     0.051965401    
     0.056419414    
     0.061188058    
     0.066287032    
     0.071732222    
     0.077539645    
     0.083725383    	
     0.090305518    	
     0.097296056    
      0.10471285    
      0.11257153    	
      0.12088738    	
      0.12967526    	
      0.13894955    	
      0.14872396	
      0.15901151      	
      0.16982437      
      0.18117374      
      0.19306977      
      0.20552144      
      0.21853641      
      0.23212092    
      0.24627967      
      0.26101572      
      0.27633034    
      0.29222293     
      0.30869089     
      0.32572954      
      0.34333200      
      0.36148913      
      0.38018940      
      0.39941886      
      0.41916108      
      0.43939706      
      0.46010520      
      0.48126131      
      0.50283856      
      0.52480746     
      0.54713593     
      0.56978930     
      0.59273032      
      0.61591930      
      0.63931410     
      0.66287032    
      0.68654130      
      0.71027834     
      0.73403080     
      0.75774627   
      0.78137074    
      0.80484877    
      0.82812375  
      0.85113804     
      0.87383326     
      0.89615050    
      0.91803057     
      0.93941425      
      0.96024256     
      0.98045704     
       1.0000000      

