0.077927 
0.089416 
0.099511 
0.109067 
0.119540 
0.127075 
0.137165 
0.145810 
0.152650 
0.162272 
0.169885 
0.177854 
0.183374 
0.191976 
0.197934 
0.207219 
0.213650 
0.220281 
0.227117 
0.234165 
0.241433 
0.248925 
0.252759 
0.260603 
0.264616 
0.272828 
0.277029 
0.285627 
0.290025 
0.299026 
0.303630 
0.308306 
0.313053 
0.322769 
0.327739 
0.332786 
0.337910 
0.343114 
0.348397 
0.353762 
0.359209 
0.364741 
0.370357 
0.376060 
0.381851 
0.387731 
0.393702 
0.399764 
0.405920 
0.412171 
0.418518 
0.424962 
0.431506 
0.438151 
0.444898 
0.451748 
0.458705 
0.465768 
0.472941 
0.480223 
0.487618 
0.495127 
0.502751 
0.510493 
0.518354 
0.526336 
0.534440 
0.542670 
0.551027 
0.559512 
0.568127 
0.576876 
0.585759 
0.594779 
0.603938 
0.613238 
0.622681 
0.632269 
0.642005 
0.651891 
0.661930 
0.672122 
0.682472 
0.692981 
0.703652 
0.714488 
0.725490 
0.736661 
0.748005 
0.759523 
0.771219 
0.783095 
0.795153 
0.807398 
0.819831 
0.832455 
0.845274 
0.858290 
0.871506 
0.884926 
0.898553 
0.912390 
0.926439 
0.940705 
0.955191 
0.969900 
0.984835 
1.000000 
