0.00926753
    0.0143890
    0.0228443
    0.0375696
    0.0556812
    0.0605215
    0.0657065
    0.0712630
    0.0772024
    0.0835440
    0.0903115
    0.0975163
     0.105186
     0.113331
     0.121977
     0.131140
     0.140837
     0.151089
     0.161914
     0.173325
     0.185346
     0.197987
     0.211268
     0.225202
     0.239805
     0.255090
     0.271071
     0.287761
     0.305169
     0.323309
     0.342193
     0.361829
     0.382228
     0.403398
     0.425352
     0.448095
     0.471640
     0.495992
     0.521163
     0.547157
     0.573984
     0.601652
     0.630164
     0.659529
     0.689748
     0.720824
     0.752758
     0.785547
     0.819185
     0.853663
     0.888969
     0.925085
     0.961985
     0.999642
      1.03802
      1.07706
      1.11672
      1.15694
      1.19763
      1.23870
      1.28005
      1.32157
      1.36311
      1.40452
